i;prices_koCall;prices_kiCall;prices_koPut;prices_kiPut;richardson_koCall;richardson_kiCall;richardson_koPut;richardson_kiPut;cv_koCall;cv_kiCall;cv_koPut;cv_kiPut;
0;0;-1.#IND;0;-1.#IND;9.38454;-1.#IND;10.3802;-1.#IND;-1.#IND;-1.#IND;-1.#IND;-1.#IND;
1;4.69696;0;5.19529;0;-1.03344;4.41647;-0.290178;4.17045;3.72409;-0.972865;4.2216;-0.97369;
2;3.50244;0;4.00036;0;2.82191;1.48315;3.50499;1.2975;3.72409;0.221653;4.2216;0.22124;
3;1.8289;2.21044;2.44982;2.08731;3.27237;0.381634;3.89414;0.257334;1.51365;1.89519;2.13429;1.77178;
4;2.34848;1.30454;2.96984;1.18089;1.89339;2.08244;2.52206;1.95125;2.41955;1.37561;3.04071;1.25175;
5;3.16184;0.742316;3.75243;0.649396;0.450112;3.23468;3.47817;0.704117;2.98178;0.562256;3.5722;0.469171;
6;1.73657;1.9621;2.35759;1.83872;3.78073;0.0812427;4.38277;-0.023297;1.76199;1.98753;2.38288;1.86401;
7;2.55135;1.29513;3.1727;1.17141;2.51243;1.18161;3.13191;1.05962;2.42897;1.17274;3.05019;1.0489;
8;2.89809;0.820513;3.49638;0.719832;1.76857;2.0375;2.41914;1.88444;2.90358;0.826006;3.50177;0.725222;
9;2.12071;1.69388;2.74573;1.56646;2.19614;1.50185;2.82125;1.37424;2.03021;1.60338;2.65514;1.47587;
10;2.56295;1.16596;3.18047;1.04604;1.44871;2.32484;2.07769;2.19336;2.55813;1.16114;3.17556;1.04113;
11;1.80462;1.98975;3.61516;0.676784;3.63176;0.0682696;3.04878;1.14876;1.73435;1.91947;3.54481;0.606436;
12;2.28391;1.45086;2.90856;1.32379;2.90154;0.851081;3.51268;0.737446;2.27323;1.44018;2.89781;1.31304;
13;2.75967;1.02073;3.37119;0.906783;2.1919;1.50932;2.82343;1.3753;2.70336;0.964423;3.31482;0.85041;
14;2.05222;1.68607;2.67675;1.5591;2.6793;1.0589;3.30235;0.933356;2.03802;1.67187;2.6625;1.54485;
15;2.53187;1.23831;3.15228;1.11546;1.99709;1.70489;2.62648;1.57301;2.48578;1.19222;3.10614;1.06931;
16;1.85848;1.88197;3.46159;0.776419;2.47962;1.24816;2.1286;2.09669;1.84212;1.86561;3.44518;0.760005;
17;2.33276;1.42962;2.95722;1.30272;1.82966;1.87282;3.73578;0.464208;2.29448;1.39133;2.91888;1.26438;
18;2.68701;1.05479;3.30061;0.938737;2.62139;1.09859;3.23811;0.979382;2.6693;1.03709;3.28286;0.920989;
19;2.15846;1.59777;2.78353;1.47025;2.99301;0.709829;3.60442;0.595925;2.12632;1.56563;2.75134;1.43807;
20;2.53026;1.21234;3.1501;1.09005;2.4727;1.24128;3.09414;1.11734;2.51175;1.19383;3.13155;1.0715;
21;2.00528;1.74598;2.62853;1.62027;2.85382;0.849279;3.47549;0.725113;1.97811;1.71882;2.60133;1.59307;
22;2.38696;1.35611;3.0104;1.23021;2.33631;1.37293;2.96039;1.24635;2.36799;1.33713;2.99139;1.2112;
23;2.7191;1.02805;3.33169;0.913007;1.87422;1.82907;2.51081;1.69;2.69604;1.00499;3.30859;0.889912;
24;2.25618;1.48711;2.88116;1.35967;2.21134;1.4941;2.83639;1.36656;2.23698;1.46791;2.86193;1.34044;
25;2.59303;1.15067;3.21092;1.03032;1.75572;1.94773;2.38796;1.81299;2.57342;1.13106;3.19127;1.01068;
26;2.13681;1.60654;2.76173;1.47915;2.09678;1.60556;3.76837;0.431485;2.11755;1.58728;2.74244;1.45987;
27;2.4755;1.26527;3.09703;1.14128;2.71694;0.986628;3.33009;0.870982;2.45882;1.24859;3.08032;1.12456;
28;2.02772;1.71557;3.3773;0.863529;3.0589;0.640901;2.9492;1.24811;2.00852;1.69637;3.35807;0.844301;
29;2.36607;1.37217;2.98986;1.24592;2.61936;1.0843;3.23714;0.964028;2.35192;1.35802;2.97568;1.23173;
30;2.6675;1.07565;3.28249;0.958194;2.2197;1.47798;2.84884;1.34634;2.64844;1.05659;3.2634;0.939107;
31;2.26421;1.47183;2.88912;1.34446;2.5263;1.17744;3.14762;1.05362;2.25226;1.45988;2.87714;1.33248;
32;2.57271;1.17024;3.19145;1.04904;2.12543;1.57046;2.7545;1.43889;2.55385;1.15138;3.17256;1.03015;
33;2.16936;1.56475;2.79443;1.43721;2.4378;1.26601;3.0617;1.13961;2.15934;1.55473;2.78438;1.42717;
34;2.48277;1.25994;3.10426;1.13598;2.03756;1.65681;2.66579;1.52608;2.46415;1.24132;3.08561;1.11734;
35;2.08096;1.65144;3.34689;0.883043;2.35376;1.35009;2.33922;1.86214;2.07265;1.64313;3.33856;0.874709;
36;2.39754;1.34491;3.02092;1.21906;1.95557;1.7375;3.46343;0.727149;2.37918;1.32656;3.00254;1.20068;
37;2.65417;1.07671;3.26933;0.95908;1.61968;2.08422;3.14025;1.06116;2.64738;1.06993;3.26252;0.952272;
38;2.31681;1.42534;2.94135;1.29834;2.78018;0.911785;3.3936;0.795877;2.29875;1.40728;2.92326;1.28025;
39;2.57615;1.15335;3.19438;1.03265;2.44626;1.25767;3.06839;1.13305;2.57074;1.14794;3.18895;1.02721;
40;2.24037;1.50148;2.86542;1.37396;2.70791;0.983101;3.32533;0.863179;2.22261;1.48372;2.84764;1.35618;
41;2.50145;1.22682;3.12209;1.10371;2.37547;1.3285;2.99912;1.20236;2.49727;1.22264;3.11789;1.09951;
42;2.16798;1.57356;2.79299;1.44607;2.63797;1.0522;3.25879;0.928889;2.15053;1.55611;2.77553;1.4286;
43;2.42997;1.29718;3.05243;1.17225;2.30774;1.39626;2.9324;1.26911;2.42691;1.29412;3.04935;1.16916;
44;2.0994;1.64182;3.30183;0.936919;2.57042;1.11903;2.6173;1.56966;2.08227;1.62469;3.28468;0.91977;
45;2.36161;1.36452;2.98537;1.23829;2.24297;1.46105;2.86818;1.33335;2.35957;1.36248;2.98331;1.23623;
46;2.62314;1.11776;3.2401;0.99833;1.91767;1.77115;2.55025;1.63608;2.60633;1.10095;3.22327;0.981501;
47;2.29624;1.42896;2.92084;1.30189;2.18104;1.523;2.80639;1.39516;2.29513;1.42785;2.91971;1.30076;
48;2.56083;1.17976;3.18005;1.05805;1.85551;1.83276;3.24849;0.937286;2.54433;1.16326;3.16354;1.04155;
49;2.23374;1.49061;2.85875;1.36312;2.12182;1.58224;3.51229;0.689283;2.23348;1.49036;2.85848;1.36285;
50;2.50065;1.23962;3.12171;1.11607;2.57706;1.11151;3.19452;0.991546;2.48448;1.22344;3.10552;1.09988;
51;2.17396;1.5496;2.79903;1.42205;2.84742;0.858938;3.46271;0.741157;2.17449;1.55013;2.79955;1.42257;
52;2.44257;1.29738;3.06508;1.17239;2.52454;1.16652;3.14403;1.04455;2.42671;1.28152;3.04921;1.15652;
53;2.11678;1.60605;3.26555;0.954796;2.79575;0.913426;2.89148;1.3152;2.11804;1.60732;3.2668;0.956045;
54;2.38654;1.3531;3.01014;1.22702;2.47344;1.21992;3.0946;1.09626;2.37099;1.33755;2.99458;1.21146;
55;2.59634;1.12581;3.21368;1.00599;2.21182;1.49991;2.84038;1.36886;2.59828;1.12775;3.2156;1.00792;
56;2.33249;1.40684;2.95687;1.27999;2.42374;1.27171;3.04627;1.14669;2.31725;1.3916;2.94161;1.26473;
57;2.54382;1.1777;3.16303;1.05601;2.16227;1.55179;2.7908;1.42076;2.54639;1.18027;3.16559;1.05856;
58;2.28037;1.45866;2.90522;1.33133;2.37546;1.32192;2.99907;1.19581;2.26543;1.44372;2.89027;1.31637;
59;2.49284;1.22809;3.11363;1.10483;2.11449;1.60171;2.74274;1.47096;2.496;1.23125;3.11677;1.10797;
60;2.2301;1.50863;2.85517;1.38108;2.32858;1.37057;2.953;1.24366;2.21546;1.49399;2.84052;1.36643;
61;2.44338;1.27701;3.06545;1.15246;2.06839;1.64975;2.69614;1.51952;2.44708;1.28072;3.06914;1.15615;
62;2.18162;1.55682;3.2846;0.951364;2.28307;1.41772;3.10328;1.09501;2.16727;1.54247;3.27023;0.937;
63;2.39539;1.32449;3.0185;1.1989;2.02393;1.69601;3.3254;0.892051;2.3996;1.3287;3.0227;1.2031;
64;2.13485;1.60331;3.24062;0.995054;2.92599;0.776304;3.0607;1.13911;2.12079;1.58924;3.22654;0.980977;
65;2.34885;1.37055;2.97276;1.24416;2.66846;1.05314;3.28544;0.93366;2.35354;1.37524;2.97744;1.24884;
66;2.57889;1.15899;3.1975;1.03789;2.39546;1.30824;3.01899;1.18221;2.56511;1.1452;3.1837;1.0241;
67;2.30371;1.41523;2.9282;1.28826;2.62721;1.0959;3.24604;0.974582;2.30886;1.42038;2.93334;1.2934;
68;2.53519;1.20241;3.15524;1.07988;2.35386;1.35113;2.97817;1.22433;2.52168;1.1889;3.14172;1.06636;
69;2.25994;1.45857;2.88481;1.33123;2.58677;1.13775;3.20723;1.0148;2.26552;1.46415;2.89037;1.33679;
70;2.49257;1.24476;3.11385;1.12099;2.31335;1.39286;2.93824;1.26547;2.47933;1.23152;3.1006;1.10774;
71;2.2175;1.50062;2.84255;1.37308;2.54714;1.17868;3.16904;1.05429;2.22348;1.50659;2.84852;1.37905;
72;2.45102;1.28605;3.07333;1.16125;2.27389;1.43344;2.89919;1.30564;2.43804;1.27308;3.06035;1.14827;
73;2.17633;1.5414;3.2424;0.972856;2.50834;1.21869;2.69137;1.53316;2.18269;1.54776;3.24874;0.979202;
74;2.41051;1.3263;3.03367;1.20065;2.23547;1.47291;2.86101;1.34487;2.39779;1.31359;3.02095;1.18792;
75;2.13641;1.58097;3.20472;1.01017;2.47036;1.25778;2.65207;1.57358;2.14312;1.58769;3.21143;1.01688;
76;2.37102;1.36553;2.99487;1.2392;2.19806;1.5113;2.8237;1.38317;2.35856;1.35307;2.9824;1.22673;
77;2.54873;1.16831;3.1677;1.04686;1.98305;1.74613;2.61383;1.61286;2.55578;1.17536;3.17474;1.0539;
78;2.33254;1.40377;2.95691;1.27692;2.16164;1.54864;3.38894;0.818844;2.32033;1.39155;2.94468;1.26469;
79;2.51114;1.20557;3.13132;1.0829;1.94671;1.78344;3.17989;1.04777;2.51853;1.21295;3.13869;1.09027;
80;2.29504;1.44102;2.91978;1.3138;2.74048;0.970648;3.35631;0.852326;2.28307;1.42905;2.9078;1.30182;
81;2.47437;1.24203;3.09561;1.11831;2.52605;1.20499;3.14643;1.08212;2.48206;1.24972;3.10329;1.12599;
82;2.2585;1.47733;2.88347;1.34987;2.7064;1.00554;3.32403;0.885413;2.24676;1.4656;2.87172;1.33813;
83;2.4384;1.27771;3.06054;1.15309;2.49211;1.23977;3.11349;1.1159;2.44638;1.28569;3.06851;1.16106;
84;2.22288;1.51271;2.84796;1.38515;2.67282;1.03987;3.29211;0.918089;2.21138;1.50121;2.83645;1.37364;
85;2.40321;1.31262;3.02613;1.18722;2.45883;1.27383;3.08106;1.14911;2.41147;1.32088;3.03438;1.19547;
86;2.18818;1.54719;3.2237;1.00918;2.63976;1.07364;2.85092;1.35999;2.1769;1.53591;3.21242;0.997896;
87;2.3688;1.34677;2.99236;1.22073;2.42618;1.30721;3.04914;1.18175;2.37732;1.35529;3.00087;1.22924;
88;2.57271;1.16243;3.19151;1.04115;2.18971;1.52436;2.81801;1.39356;2.56166;1.15138;3.18045;1.03009;
89;2.33514;1.38017;2.95922;1.25361;2.39417;1.3399;3.01775;1.21383;2.34392;1.38895;2.96799;1.26238;
90;2.53992;1.19501;3.15979;1.07265;2.15753;1.55717;2.78578;1.42643;2.52908;1.18418;3.14895;1.06181;
91;2.30223;1.41283;2.92672;1.28587;2.3628;1.37191;2.98687;1.24534;2.31126;1.42186;2.93573;1.29488;
92;2.50773;1.22698;3.12857;1.10366;2.12611;1.58918;2.75419;1.4586;2.49711;1.21636;3.11794;1.09303;
93;2.27005;1.44478;2.89483;1.31752;2.33204;1.40326;2.95652;1.27629;2.27931;1.45404;2.90408;1.32677;
94;2.47614;1.25836;3.09783;1.13419;2.09543;1.62042;2.72326;1.4901;2.46573;1.24795;3.08741;1.12377;
95;2.23859;1.47603;2.86356;1.34857;2.30191;1.43395;3.4703;0.763065;2.24806;1.48551;2.87303;1.35804;
96;2.44515;1.28915;3.06758;1.16423;2.06547;1.6509;3.23778;0.976101;2.43495;1.27894;3.05737;1.15402;
97;2.20781;1.50659;3.21431;0.99761;2.27237;1.46401;3.06264;1.17125;2.21751;1.51628;3.22399;1.00729;
98;2.41474;1.31935;3.03781;1.1938;2.59177;1.1251;3.21028;1.0041;2.40474;1.30935;3.0278;1.18379;
99;2.17772;1.53647;3.18585;1.02586;2.79919;0.937684;3.03423;1.20015;2.18762;1.54637;3.19574;1.03575;
100;2.38491;1.34898;3.00852;1.22289;2.56353;1.15381;3.18309;1.03176;2.37511;1.33918;2.99871;1.21308;
101;2.53889;1.1755;3.15816;1.05375;2.38123;1.35572;3.00585;1.2286;2.54859;1.1852;3.16785;1.06344;
102;2.35565;1.37805;2.97971;1.25151;2.53572;1.18208;3.15623;1.05907;2.34604;1.36844;2.97009;1.24189;
103;2.51103;1.20392;3.1312;1.08126;2.3525;1.38412;2.97753;1.2566;2.52017;1.21306;3.14034;1.0904;
104;2.32695;1.40656;2.95137;1.27966;2.50832;1.2099;3.1297;1.08602;2.31753;1.39715;2.94194;1.27023;
105;2.4836;1.23189;3.10459;1.10841;2.32432;1.41199;2.94967;1.28415;2.4922;1.24049;3.11319;1.117;
106;2.29879;1.43453;2.92349;1.30734;2.48133;1.23728;3.1035;1.11262;2.28956;1.4253;2.91425;1.29811;
107;2.4566;1.25939;3.07833;1.13518;2.29666;1.43935;2.92226;1.31126;2.4647;1.26749;3.08642;1.14327;
108;2.27118;1.46196;2.89608;1.33457;2.45477;1.26422;3.07763;1.13887;2.26213;1.45291;2.88702;1.32552;
109;2.43003;1.28644;3.05241;1.16158;2.26953;1.46619;2.89529;1.33793;2.43765;1.29406;3.06002;1.16919;
110;2.2441;1.48887;2.86912;1.36135;2.42862;1.29074;3.0521;1.16476;2.23523;1.48;2.86024;1.35248;
111;2.40389;1.31305;3.02684;1.18761;2.2429;1.49253;2.86877;1.36417;2.41104;1.3202;3.03399;1.19476;
112;2.21753;1.51525;3.20111;1.02919;2.40288;1.31682;2.66912;1.54808;2.20884;1.50656;3.19241;1.02049;
113;2.37816;1.33921;3.00162;1.21327;2.21678;1.51838;2.84267;1.38999;2.38488;1.34593;3.00833;1.21998;
114;2.19147;1.54114;3.17627;1.05386;2.37754;1.34248;3.13912;1.0784;2.18295;1.53262;3.16774;1.04533;
115;2.35286;1.36493;2.97673;1.23857;2.19114;1.54374;3.31403;0.918356;2.35916;1.37123;2.98303;1.24486;
116;2.53163;1.20081;3.15173;1.07823;1.98762;1.7327;3.11531;1.10253;2.52328;1.19246;3.14337;1.06987;
117;2.32796;1.39022;2.95219;1.2635;2.16599;1.56863;3.2905;0.941631;2.33387;1.39613;2.95809;1.2694;
118;2.50664;1.22564;3.12748;1.10231;2.47012;1.2505;3.09176;1.12636;2.49846;1.21745;3.11928;1.09412;
119;2.30348;1.41509;2.928;1.28808;2.64857;1.0858;3.26719;0.964685;2.30901;1.42062;2.93352;1.2936;
120;2.48201;1.2501;3.10352;1.12611;2.44625;1.27464;3.0685;1.14991;2.47399;1.24208;3.09549;1.11808;
121;2.27939;1.43953;2.90414;1.3123;2.62452;1.1096;3.24411;0.987515;2.28456;1.4447;2.9093;1.31746;
122;2.45775;1.2742;3.07986;1.14961;2.42273;1.29843;3.0455;1.17317;2.44989;1.26634;3.07199;1.14174;
123;2.2557;1.46357;2.88061;1.33617;2.60077;1.1331;3.22126;1.01012;2.26052;1.46839;2.88543;1.34099;
124;2.43384;1.29796;3.05649;1.17282;2.39954;1.32187;3.02278;1.19614;2.42614;1.29025;3.04878;1.16511;
125;2.23239;1.4872;3.19385;1.02326;2.57732;1.15632;2.86288;1.36825;2.23689;1.4917;3.19834;1.02775;
126;2.41028;1.32136;3.03341;1.19574;2.37669;1.34497;3.00034;1.21882;2.40273;1.31381;3.02586;1.18819;
127;2.20947;1.51043;3.1721;1.04532;2.55416;1.17924;2.83939;1.39151;2.21366;1.51462;3.17628;1.0495;
128;2.38707;1.34442;3.01062;1.21838;2.35416;1.36772;2.97817;1.24122;2.37968;1.33702;3.00322;1.21098;
129;2.53082;1.18939;3.15057;1.06715;2.18811;1.54506;2.81625;1.41443;2.5347;1.19327;3.15445;1.07103;
130;2.3642;1.36713;2.98812;1.24073;2.33196;1.39014;2.95627;1.26334;2.35696;1.35989;2.98087;1.23348;
131;2.50881;1.21168;3.12925;1.08875;2.16538;1.56757;2.79345;1.43701;2.51241;1.21528;3.13284;1.09234;
132;2.34168;1.38951;2.96591;1.26279;2.31008;1.41222;2.93464;1.28518;2.33458;1.38241;2.9588;1.25569;
133;2.48708;1.23369;3.10816;1.11013;2.14304;1.5897;2.77098;1.45926;2.4904;1.23701;3.11147;1.11344;
134;2.31949;1.41155;2.94398;1.28458;2.28853;1.43398;3.36896;0.85105;2.31254;1.4046;2.93702;1.27762;
135;2.46562;1.25541;3.08728;1.13127;2.12107;1.61145;3.20528;1.02475;2.46868;1.25847;3.09033;1.13432;
136;2.29763;1.43327;2.92233;1.30609;2.26728;1.45542;3.34934;0.870861;2.29082;1.42646;2.91551;1.29927;
137;2.44444;1.27684;3.06662;1.15217;2.09947;1.63284;3.18488;1.04494;2.44725;1.27965;3.06942;1.15498;
138;2.27609;1.45466;2.90095;1.32732;2.24635;1.47653;3.32986;0.890527;2.26943;1.448;2.89428;1.32064;
139;2.42352;1.298;3.04618;1.17285;2.54457;1.18754;3.16467;1.06495;2.42609;1.30057;3.04874;1.17542;
140;2.25488;1.47574;3.19741;1.03073;2.69219;1.03086;2.99359;1.22696;2.24835;1.46921;3.19087;1.02419;
141;2.40287;1.31888;3.02596;1.1933;2.52393;1.20798;3.14465;1.08477;2.40521;1.32122;3.02829;1.19564;
142;2.23399;1.4965;3.17754;1.05046;2.67204;1.05117;2.97344;1.24728;2.22759;1.49011;3.17114;1.04406;
143;2.38249;1.33949;3.00596;1.21353;2.50353;1.22819;3.12484;1.10439;2.38461;1.34161;3.00807;1.21564;
144;2.2134;1.51695;3.15786;1.07001;2.65209;1.07128;2.95351;1.26737;2.20714;1.51069;3.15159;1.06374;
145;2.36236;1.35982;2.98618;1.23352;2.48337;1.24816;3.10521;1.12382;2.36427;1.36173;2.98808;1.23542;
146;2.51789;1.21233;3.13836;1.08937;2.30821;1.4153;2.9338;1.28722;2.51176;1.2062;3.13223;1.08323;
147;2.3425;1.37988;2.96661;1.25329;2.46344;1.2679;3.08579;1.14306;2.34421;1.38159;2.96831;1.25499;
148;2.49802;1.23207;3.11906;1.10854;2.28855;1.43511;2.91432;1.30685;2.49202;1.22608;3.11305;1.10254;
149;2.3229;1.39968;2.94726;1.27283;2.44376;1.2874;3.06656;1.16211;2.32441;1.40119;2.94876;1.27434;
150;2.47837;1.25159;3.09994;1.12753;2.26916;1.45464;2.89506;1.32624;2.4725;1.24572;3.09406;1.12166;
151;2.30355;1.41922;2.92812;1.29216;2.42431;1.30667;3.04752;1.18097;2.30488;1.42054;2.92944;1.29348;
152;2.45896;1.27088;3.08101;1.14634;2.25002;1.47391;2.87602;1.34541;2.45321;1.26513;3.07526;1.14059;
153;2.28445;1.43849;2.9092;1.31126;2.4051;1.32571;3.02868;1.19964;2.2856;1.43964;2.91034;1.3124;
154;2.43977;1.28994;3.06226;1.16496;2.23113;1.49292;2.85721;1.36435;2.43415;1.28432;3.05664;1.15933;
155;2.2656;1.45751;2.89049;1.33014;2.38612;1.34452;3.01003;1.21811;2.26658;1.45849;2.89146;1.33111;
156;2.42081;1.30878;3.04371;1.1834;2.2125;1.51167;2.8386;1.38307;2.41531;1.30328;3.0382;1.17789;
157;2.247;1.47628;3.17314;1.04765;2.36737;1.3631;3.11322;1.11475;2.24782;1.47709;3.17395;1.04846;
158;2.40207;1.3274;3.02534;1.20165;2.19412;1.53016;3.243;0.978786;2.3967;1.32202;3.01995;1.19626;
159;2.22864;1.49479;3.15563;1.06532;2.34884;1.38146;3.09532;1.13249;2.2293;1.49545;3.15628;1.06597;
160;2.38356;1.34579;3.00715;1.21971;2.17598;1.54841;3.22593;0.995962;2.3783;1.34053;3.00188;1.21445;
161;2.51798;1.2056;3.13826;1.08283;2.02369;1.70644;3.07759;1.15006;2.51849;1.20611;3.13877;1.08333;
162;2.36526;1.36397;2.98915;1.2376;2.15809;1.5664;3.20899;1.01301;2.36012;1.35883;2.984;1.23245;
163;2.50024;1.22349;3.12104;1.1002;2.43726;1.29272;3.06002;1.16747;2.5006;1.22386;3.1214;1.10055;
164;2.34719;1.38193;2.97133;1.25531;2.57231;1.15229;3.19217;1.02992;2.34216;1.3769;2.96629;1.25027;
165;2.48267;1.2412;3.10397;1.11741;2.41949;1.31033;3.04261;1.18472;2.48289;1.24142;3.10419;1.11763;
166;2.32932;1.39968;2.95369;1.27283;2.55502;1.16967;3.17548;1.04671;2.32441;1.39477;2.94877;1.26791;
167;2.46528;1.25872;3.08704;1.13447;2.40191;1.32776;3.02537;1.20181;2.46537;1.25881;3.08712;1.13456;
168;2.31168;1.41722;2.93623;1.29017;2.53789;1.18689;3.15892;1.06336;2.30687;1.41242;2.93142;1.28537;
169;2.44808;1.27606;3.07026;1.15139;2.38453;1.34499;3.00829;1.21874;2.44804;1.27602;3.07021;1.15134;
170;2.29424;1.43455;2.91895;1.30734;2.52092;1.20394;3.14249;1.07988;2.28955;1.42985;2.91426;1.30265;
171;2.43105;1.29321;3.05362;1.16815;2.36734;1.36203;2.99137;1.23551;2.43088;1.29305;3.05345;1.16798;
172;2.27701;1.45167;3.18716;1.03903;2.50412;1.22082;2.84145;1.381;2.27242;1.44708;3.18257;1.03444;
173;2.41419;1.31018;3.03713;1.18476;2.35035;1.37888;2.97461;1.25212;2.41391;1.3099;3.03684;1.18447;
174;2.25998;1.46858;3.17096;1.05512;2.48748;1.23755;2.82455;1.39798;2.25551;1.46411;3.16648;1.05064;
175;2.39752;1.32697;3.02078;1.20122;2.33354;1.39554;2.95801;1.26857;2.39712;1.32657;3.02038;1.20082;
176;2.24316;1.4853;3.15489;1.07109;2.471;1.2541;2.80783;1.41477;2.23879;1.48093;3.15051;1.06671;
177;2.38102;1.34358;3.00457;1.21753;2.31692;1.41202;2.94158;1.28487;2.38051;1.34308;3.00407;1.21703;
178;2.22654;1.50182;3.13894;1.08693;2.45467;1.2705;2.79129;1.43139;2.22228;1.49755;3.13467;1.08266;
179;2.36469;1.36001;2.98851;1.2337;2.30048;1.42832;2.9253;1.30101;2.36408;1.3594;2.9879;1.23308;
180;2.50223;1.22603;3.12312;1.10265;2.14699;1.57825;2.77492;1.44782;2.49806;1.22187;3.11895;1.09848;
181;2.34853;1.37627;2.9726;1.24971;2.28423;1.44443;3.30208;0.924091;2.34782;1.37556;2.97188;1.249;
182;2.48609;1.24207;3.10742;1.11825;2.1309;1.59441;3.15212;1.07069;2.48203;1.238;3.10335;1.11418;
183;2.33255;1.39235;2.95682;1.26558;2.26816;1.46037;3.28705;0.938985;2.33174;1.39155;2.95601;1.26477;
184;2.4701;1.25795;3.09185;1.13372;2.115;1.61036;3.137;1.08587;2.46614;1.25399;3.08788;1.12975;
185;2.31673;1.40826;2.94119;1.28131;2.25227;1.47613;3.27212;0.953789;2.31583;1.40736;2.94029;1.2804;
186;2.45427;1.27368;3.0764;1.14906;2.0993;1.62612;3.122;1.10093;2.45041;1.26982;3.07253;1.1452;
187;2.30108;1.424;2.9257;1.29689;2.63839;1.08988;3.25728;0.968501;2.30009;1.42301;2.92471;1.29589;
188;2.43859;1.28927;3.06108;1.16429;2.48571;1.23977;3.10711;1.11588;2.43482;1.2855;3.05731;1.16052;
189;2.2856;1.43957;2.91036;1.31232;2.62302;1.10512;3.24253;0.983121;2.28452;1.4385;2.90928;1.31124;
190;2.42306;1.3047;3.04588;1.17939;2.47053;1.255;3.09233;1.13071;2.41939;1.30103;3.04221;1.17572;
191;2.27028;1.45497;3.16723;1.05553;2.60778;1.12024;2.95634;1.26919;2.26912;1.45381;3.16607;1.05437;
192;2.40768;1.31998;3.03081;1.19436;2.45549;1.27009;3.07766;1.14543;2.40411;1.31641;3.02723;1.19079;
193;2.25512;1.47021;3.15276;1.07007;2.59266;1.13524;2.94118;1.28422;2.25389;1.46897;3.15153;1.06883;
194;2.39245;1.33512;3.01586;1.20922;2.44058;1.28505;3.0631;1.16004;2.38897;1.33164;3.01238;1.20574;
195;2.24012;1.48528;3.1384;1.08452;2.57765;1.15012;2.92616;1.29913;2.23881;1.48397;3.13708;1.0832;
196;2.37737;1.35011;3.00104;1.22395;2.42581;1.29987;3.04865;1.17454;2.37398;1.34673;2.99765;1.22056;
197;2.50334;1.22213;3.12413;1.09886;2.28528;1.44238;2.91127;1.3139;2.50196;1.22075;3.12274;1.09747;
198;2.36243;1.36496;2.98634;1.23856;2.41117;1.31455;3.03431;1.18892;2.35914;1.36166;2.98304;1.23526;
199;2.48877;1.23678;3.10996;1.11309;2.27042;1.45712;2.89651;1.32853;2.48731;1.23533;3.1085;1.11164;
200;2.34764;1.37966;2.97176;1.25305;2.39666;1.3291;3.02008;1.2032;2.34444;1.37645;2.96855;1.24984;
201;2.47431;1.2513;3.09589;1.12723;2.25572;1.4717;2.88188;1.34304;2.47279;1.24978;3.09437;1.12571;
202;2.33299;1.39421;2.9573;1.26742;2.38229;1.34351;3.00595;1.21736;2.32988;1.3911;2.95418;1.2643;
203;2.45998;1.2657;3.08193;1.14126;2.24116;1.48614;2.86739;1.35743;2.4584;1.26411;3.08034;1.13967;
204;2.31849;1.40863;2.94296;1.28167;2.36805;1.3578;2.99194;1.23141;2.31546;1.4056;2.93993;1.27864;
205;2.44577;1.27997;3.06806;1.15519;2.22676;1.50043;2.85302;1.37168;2.44413;1.27832;3.06641;1.15354;
206;2.30413;1.4229;2.92874;1.2958;2.35394;1.37194;2.97804;1.24535;2.30119;1.41996;2.9258;1.29285;
207;2.43169;1.29411;3.05429;1.16902;2.21251;1.51457;3.20633;1.01826;2.42998;1.29241;3.05258;1.16731;
208;2.28991;1.43704;2.91465;1.30981;2.33995;1.38596;3.33218;0.891239;2.28705;1.43419;2.91179;1.30695;
209;2.41772;1.30813;3.04062;1.18274;2.19841;1.52857;3.19299;1.03149;2.41596;1.30637;3.03886;1.18098;
210;2.27582;1.45103;3.16043;1.06394;2.3261;1.39985;3.06;1.16345;2.27306;1.44827;3.15766;1.06117;
211;2.40388;1.32203;3.02705;1.19637;2.18445;1.54242;3.17973;1.04464;2.40206;1.32021;3.02523;1.19454;
212;2.26188;1.46489;3.14709;1.07719;2.31237;1.4136;3.04661;1.17688;2.2592;1.46221;3.14441;1.07451;
213;2.39016;1.33581;3.01359;1.20989;2.17063;1.55613;3.16656;1.0577;2.38829;1.33394;3.01171;1.20801;
214;2.24807;1.47862;3.13384;1.09036;2.67464;1.05137;3.03331;1.1902;2.24547;1.47602;3.13124;1.08776;
215;2.37655;1.34946;3.00022;1.22331;2.53289;1.19376;3.15347;1.07069;2.37463;1.34754;2.99829;1.22138;
216;2.49975;1.22686;3.12067;1.10344;2.39648;1.32956;3.0201;1.20344;2.49723;1.22434;3.11815;1.10092;
217;2.36307;1.36299;2.98695;1.23662;2.51948;1.20707;3.14046;1.0836;2.3611;1.36103;2.98497;1.23465;
218;2.4863;1.24023;3.1076;1.11644;2.38313;1.34292;3.007;1.21657;2.48387;1.23779;3.10516;1.114;
219;2.3497;1.37641;2.97377;1.24984;2.50616;1.22029;3.12754;1.09642;2.34768;1.37439;2.97176;1.24782;
220;2.47296;1.25349;3.0946;1.12935;2.3699;1.35618;2.99398;1.22961;2.47061;1.25113;3.09225;1.12699;
221;2.33645;1.3897;2.9607;1.26296;2.49295;1.2334;3.11469;1.10916;2.33439;1.38764;2.95864;1.2609;
222;2.45973;1.26664;3.0817;1.14218;2.35679;1.36932;2.98106;1.24255;2.45745;1.26437;3.07942;1.1399;
223;2.32331;1.40288;2.94772;1.27598;2.47984;1.2464;3.10194;1.12182;2.32121;1.40078;2.94562;1.27387;
224;2.4466;1.27969;3.06888;1.15492;2.34378;1.38235;2.96823;1.2554;2.4444;1.2775;3.06668;1.15272;
225;2.3103;1.41594;2.93485;1.2889;2.46684;1.25931;3.08926;1.1344;2.30815;1.4138;2.9327;1.28675;
226;2.43357;1.29264;3.05615;1.16757;2.33089;1.39526;2.9555;1.26815;2.43146;1.29052;3.05403;1.16545;
227;2.29739;1.42888;2.92206;1.30172;2.45393;1.27212;3.07667;1.1469;2.29521;1.4267;2.91988;1.29953;
228;2.42065;1.30548;3.0435;1.18014;2.3181;1.40806;2.94286;1.28081;2.41861;1.30344;3.04146;1.17809;
229;2.2846;1.44171;3.15768;1.06614;2.44113;1.28483;2.81635;1.40711;2.28238;1.43949;3.15546;1.06392;
230;2.40784;1.31822;3.03095;1.19262;2.30543;1.42075;2.93031;1.29338;2.40588;1.31625;3.02898;1.19065;
231;2.27192;1.45442;3.14555;1.0783;2.42842;1.29744;2.80346;1.41991;2.26967;1.45217;3.1433;1.07605;
232;2.39513;1.33085;3.01847;1.20502;2.29286;1.43334;2.91786;1.30585;2.39324;1.32896;3.01658;1.20313;
233;2.25935;1.46702;3.1335;1.09039;2.41582;1.30995;2.79068;1.4326;2.25707;1.46474;3.13121;1.0881;
234;2.38252;1.34339;3.00609;1.21733;2.2804;1.44581;3.25051;0.973216;2.38071;1.34157;3.00427;1.21551;
235;2.2469;1.47951;3.12151;1.10241;2.40331;1.32237;3.12334;1.09985;2.24458;1.47719;3.11919;1.10008;
236;2.37001;1.35582;2.99378;1.22956;2.26805;1.45818;3.23889;0.98485;2.36827;1.35408;2.99204;1.22781;
237;2.48836;1.23808;3.1096;1.11435;2.1376;1.58799;3.1114;1.11169;2.48601;1.23573;3.10725;1.112;
238;2.35761;1.36815;2.98157;1.2417;2.25581;1.47044;3.22732;0.996426;2.35594;1.36648;2.9799;1.24003;
239;2.47619;1.25028;3.09776;1.12622;2.12522;1.60028;3.09954;1.12347;2.47381;1.2479;3.09538;1.12384;
240;2.3453;1.38038;2.96944;1.25376;2.24367;1.48259;3.21582;1.00794;2.34371;1.37879;2.96784;1.25216;
241;2.46412;1.26238;3.08599;1.13802;2.11295;1.61246;3.08774;1.13517;2.46171;1.25998;3.08358;1.13561;
242;2.3331;1.39252;2.95739;1.26574;2.23163;1.49464;3.20437;1.0194;2.33157;1.39099;2.95586;1.26421;
243;2.45213;1.2744;3.07429;1.14975;2.45388;1.27145;3.07602;1.14681;2.44969;1.27197;3.07185;1.14731;
244;2.32099;1.40455;2.94542;1.27763;2.57282;1.15345;3.19299;1.0308;2.31954;1.4031;2.94397;1.27617;
245;2.44022;1.28633;3.06266;1.1614;2.44195;1.28329;3.06437;1.15837;2.43776;1.28387;3.0602;1.15894;
246;2.30899;1.41649;2.93354;1.28944;2.56109;1.1652;3.18166;1.04213;2.3076;1.41511;2.93216;1.28805;
247;2.4284;1.29817;3.0511;1.17298;2.43011;1.29504;3.05279;1.16987;2.42592;1.29569;3.04862;1.17049;
248;2.29708;1.42833;3.15937;1.06354;2.54943;1.17686;2.93324;1.29056;2.29576;1.42702;3.15806;1.06222;
249;2.41667;1.30993;3.03962;1.18449;2.41836;1.30671;3.04129;1.18129;2.41417;1.30742;3.03711;1.18198;
250;2.28526;1.44007;3.14808;1.07476;0;0;0;0;2.28402;1.43883;3.14684;1.07351;
251;2.40503;1.32159;3.0282;1.19593;0;0;0;0;2.4025;1.31906;3.02567;1.1934;
252;2.27355;1.45172;3.13686;1.08592;0;0;0;0;2.27237;1.45054;3.13568;1.08474;
253;2.39347;1.33318;3.01686;1.20729;0;0;0;0;2.39092;1.33063;3.0143;1.20474;
254;2.26193;1.46327;3.12569;1.09702;0;0;0;0;2.26082;1.46216;3.12458;1.09591;
255;2.38199;1.34467;3.00558;1.21859;0;0;0;0;2.37942;1.3421;3.00301;1.21602;
256;2.2504;1.47473;3.11458;1.10806;0;0;0;0;2.24936;1.47369;3.11354;1.10701;
257;2.3706;1.35608;2.99438;1.22981;0;0;0;0;2.36801;1.35349;2.99179;1.22722;
258;2.48217;1.2429;3.10354;1.11904;0;0;0;0;2.48119;1.24193;3.10256;1.11806;
259;2.35929;1.36741;2.98324;1.24096;0;0;0;0;2.35669;1.3648;2.98063;1.23836;
260;2.47089;1.25411;3.09256;1.12995;0;0;0;0;2.46998;1.2532;3.09165;1.12904;
261;2.34807;1.37865;2.97218;1.25205;0;0;0;0;2.34544;1.37603;2.96955;1.24942;
262;2.4597;1.26524;3.08165;1.1408;0;0;0;0;2.45885;1.2644;3.0808;1.13995;
263;2.33692;1.3898;2.96118;1.26306;0;0;0;0;2.33429;1.38717;2.95854;1.26042;
264;2.44858;1.2763;3.07079;1.1516;0;0;0;0;2.44779;1.27552;3.07;1.15081;
265;2.32587;1.40088;2.95026;1.274;0;0;0;0;2.32321;1.39823;2.9476;1.27134;
266;2.43753;1.28728;3.06;1.16233;0;0;0;0;2.43681;1.28656;3.05927;1.1616;
267;2.31489;1.41187;2.9394;1.28487;0;0;0;0;2.31222;1.4092;2.93673;1.2822;
268;2.42656;1.29819;3.04926;1.17299;0;0;0;0;2.4259;1.29753;3.0486;1.17233;
269;2.30399;1.42278;3.15668;1.0676;0;0;0;0;2.30131;1.4201;3.154;1.06492;
270;2.41566;1.30902;3.03859;1.1836;0;0;0;0;2.41507;1.30843;3.038;1.183;
271;2.29317;1.43361;3.14634;1.07795;0;0;0;0;2.29048;1.43092;3.14365;1.07526;
272;2.40484;1.31978;3.02799;1.19415;0;0;0;0;2.40431;1.31925;3.02745;1.19361;
273;2.28244;1.44435;3.13605;1.08826;0;0;0;0;2.27974;1.44165;3.13334;1.08555;
274;2.39409;1.33047;3.01744;1.20463;0;0;0;0;2.39362;1.33;3.01696;1.20416;
275;2.27178;1.45502;3.12581;1.09851;0;0;0;0;2.26907;1.45231;3.12309;1.09579;
276;2.38342;1.34108;3.00695;1.21506;0;0;0;0;2.38301;1.34067;3.00654;1.21465;
277;2.26121;1.46561;3.11562;1.1087;0;0;0;0;2.25848;1.46289;3.11289;1.10598;
278;2.37282;1.35162;2.99653;1.22542;0;0;0;0;2.37247;1.35127;2.99617;1.22507;
279;2.48411;1.24271;3.10548;1.11885;0;0;0;0;2.48138;1.23998;3.10275;1.11612;
280;2.36229;1.36209;2.98617;1.23573;0;0;0;0;2.362;1.3618;2.98587;1.23543;
281;2.47375;1.25308;3.0954;1.12894;0;0;0;0;2.47101;1.25034;3.09266;1.1262;
282;2.35183;1.37249;2.97586;1.24597;0;0;0;0;2.3516;1.37226;2.97563;1.24574;
283;2.46346;1.26338;3.08537;1.13898;0;0;0;0;2.46071;1.26063;3.08262;1.13623;
284;2.34145;1.38282;2.96562;1.25616;0;0;0;0;2.34128;1.38264;2.96544;1.25598;
285;2.45323;1.27361;3.07539;1.14897;0;0;0;0;2.45048;1.27086;3.07263;1.14621;
286;2.33114;1.39307;2.95544;1.26628;0;0;0;0;2.33102;1.39295;2.95532;1.26616;
287;2.44307;1.28378;3.06546;1.1589;0;0;0;0;2.44031;1.28103;3.06269;1.15614;
288;2.3209;1.40326;2.94532;1.27634;0;0;0;0;2.32084;1.4032;2.94525;1.27628;
289;2.43296;1.29389;3.05558;1.16879;0;0;0;0;2.4302;1.29113;3.05281;1.16602;
290;2.31072;1.41337;2.93525;1.28635;0;0;0;0;2.31072;1.41337;2.93525;1.28634;
291;2.42292;1.30394;3.04575;1.17862;0;0;0;0;2.42016;1.30117;3.04298;1.17584;
292;2.30062;1.42342;3.1447;1.07685;0;0;0;0;2.30068;1.42347;3.14475;1.0769;
293;2.41295;1.31392;3.03598;1.18839;0;0;0;0;2.41017;1.31114;3.0332;1.18562;
294;2.29059;1.43339;3.13508;1.08641;0;0;0;0;2.2907;1.4335;3.13519;1.08651;
295;2.40303;1.32384;3.02626;1.19812;0;0;0;0;2.40026;1.32106;3.02348;1.19534;
296;2.28063;1.4433;3.12551;1.09592;0;0;0;0;2.28079;1.44346;3.12568;1.09608;
297;2.39318;1.33369;3.01659;1.20779;0;0;0;0;2.3904;1.33091;3.0138;1.20501;
298;2.27074;1.45314;3.11599;1.10539;0;0;0;0;2.27095;1.45336;3.11621;1.10561;
299;2.38339;1.34348;3.00697;1.21742;0;0;0;0;2.38061;1.3407;3.00418;1.21463;
300;2.26091;1.46291;3.10651;1.11481;0;0;0;0;2.26118;1.46318;3.10678;1.11509;
301;2.37366;1.35322;2.9974;1.22699;0;0;0;0;2.37088;1.35043;2.99461;1.2242;
302;2.47556;1.24821;3.09708;1.12419;0;0;0;0;2.47588;1.24853;3.09741;1.12452;
303;2.36399;1.36289;2.98788;1.23651;0;0;0;0;2.36121;1.3601;2.98509;1.23372;
304;2.46592;1.25779;3.08769;1.13353;0;0;0;0;2.4663;1.25817;3.08807;1.1339;
305;2.35438;1.3725;2.97841;1.24597;0;0;0;0;2.3516;1.36971;2.97562;1.24318;
306;2.45635;1.26731;3.07835;1.14281;0;0;0;0;2.45678;1.26774;3.07878;1.14325;
307;2.34484;1.38204;2.969;1.25539;0;0;0;0;2.34205;1.37926;2.96621;1.2526;
308;2.44683;1.27678;3.06906;1.15206;0;0;0;0;2.44731;1.27727;3.06954;1.15254;
309;2.33535;1.39153;2.95963;1.26476;0;0;0;0;2.33256;1.38874;2.95684;1.26197;
310;2.43736;1.28619;3.05981;1.16126;0;0;0;0;2.4379;1.28673;3.06034;1.16179;
311;2.32592;1.40096;2.95032;1.27407;0;0;0;0;2.32313;1.39817;2.94753;1.27128;
312;2.42795;1.29555;3.0506;1.17041;0;0;0;0;2.42854;1.29614;3.05119;1.171;
313;2.31655;1.41032;2.94105;1.28333;0;0;0;0;2.31377;1.40754;2.93827;1.28055;
314;2.41859;1.30486;3.04144;1.17952;0;0;0;0;2.41923;1.3055;3.04208;1.18015;
315;2.30724;1.41963;3.14315;1.08124;0;0;0;0;2.30446;1.41685;3.14036;1.07845;
316;2.40929;1.31411;3.03233;1.18858;0;0;0;0;2.40998;1.3148;3.03302;1.18927;
317;2.29799;1.42888;3.13428;1.09011;0;0;0;0;2.29521;1.4261;3.13149;1.08732;
318;2.40004;1.32331;3.02326;1.1976;0;0;0;0;2.40079;1.32405;3.024;1.19834;
319;2.2888;1.43807;3.12545;1.09894;0;0;0;0;2.28602;1.43529;3.12266;1.09615;
320;2.39085;1.33245;3.01424;1.20657;0;0;0;0;2.39164;1.33324;3.01503;1.20736;
321;2.27967;1.4472;3.11665;1.10773;0;0;0;0;2.27689;1.44442;3.11387;1.10495;
322;2.38171;1.34154;3.00526;1.2155;0;0;0;0;2.38255;1.34238;3.0061;1.21634;
323;2.27059;1.45627;3.1079;1.11648;0;0;0;0;2.26782;1.4535;3.10512;1.1137;
324;2.37263;1.35057;2.99632;1.22439;0;0;0;0;2.37352;1.35146;2.99721;1.22527;
325;2.26157;1.46529;3.09918;1.12519;0;0;0;0;2.2588;1.46252;3.09641;1.12242;
326;2.36359;1.35956;2.98744;1.23323;0;0;0;0;2.36453;1.3605;2.98837;1.23416;
327;2.46872;1.25814;3.0905;1.13387;0;0;0;0;2.46595;1.25537;3.08773;1.1311;
328;2.35462;1.36849;2.97859;1.24202;0;0;0;0;2.3556;1.36948;2.97958;1.24301;
329;2.45986;1.26699;3.08186;1.1425;0;0;0;0;2.4571;1.26423;3.0791;1.13974;
330;2.34569;1.37737;2.96979;1.25078;0;0;0;0;2.34673;1.3784;2.97082;1.25181;
331;2.45105;1.2758;3.07326;1.1511;0;0;0;0;2.44829;1.27304;3.0705;1.14834;
332;2.33682;1.38619;2.96103;1.25948;0;0;0;0;2.3379;1.38727;2.96211;1.26056;
333;2.44228;1.28456;3.0647;1.15966;0;0;0;0;2.43953;1.28181;3.06194;1.1569;
334;2.328;1.39497;2.95232;1.26815;0;0;0;0;2.32913;1.3961;2.95345;1.26928;
335;2.43357;1.29327;3.05617;1.16817;0;0;0;0;2.43082;1.29053;3.05342;1.16543;
336;2.31923;1.40369;2.94366;1.27677;0;0;0;0;2.3204;1.40486;2.94483;1.27794;
337;2.4249;1.30194;3.04769;1.17665;0;0;0;0;2.42215;1.2992;3.04494;1.17391;
338;2.31051;1.41236;3.13867;1.08171;0;0;0;0;2.31173;1.41358;3.13989;1.08293;
339;2.41627;1.31056;3.03924;1.1851;0;0;0;0;2.41354;1.30782;3.0365;1.18236;
340;2.30184;1.42098;3.13036;1.08997;0;0;0;0;2.30311;1.42225;3.13163;1.09124;
341;2.40769;1.31913;3.03083;1.1935;0;0;0;0;2.40496;1.3164;3.0281;1.19077;
342;2.29323;1.42955;3.12208;1.0982;0;0;0;0;2.29454;1.43086;3.12339;1.09952;
343;2.39916;1.32765;3.02246;1.20186;0;0;0;0;2.39644;1.32493;3.01974;1.19914;
344;2.28467;1.43807;3.11384;1.1064;0;0;0;0;2.28603;1.43943;3.11519;1.10776;
345;2.39068;1.33613;3.01413;1.21019;0;0;0;0;2.38796;1.33341;3.01141;1.20747;
346;2.27615;1.44653;3.10563;1.11457;0;0;0;0;2.27756;1.44794;3.10703;1.11597;
347;2.38224;1.34456;3.00584;1.21847;0;0;0;0;2.37953;1.34185;3.00313;1.21576;
348;2.26769;1.45495;3.09745;1.1227;0;0;0;0;2.26914;1.4564;3.0989;1.12415;
349;2.37384;1.35295;2.99758;1.22672;0;0;0;0;2.37114;1.35025;2.99488;1.22402;
350;2.4676;1.25499;3.08931;1.1308;0;0;0;0;2.4691;1.25649;3.0908;1.13229;
351;2.3655;1.36129;2.98936;1.23493;0;0;0;0;2.3628;1.3586;2.98667;1.23223;
352;2.45929;1.26326;3.0812;1.13886;0;0;0;0;2.46083;1.2648;3.08274;1.1404;
353;2.35719;1.36959;2.98118;1.2431;0;0;0;0;2.35451;1.3669;2.9785;1.24041;
354;2.45102;1.27149;3.07313;1.14689;0;0;0;0;2.4526;1.27307;3.07471;1.14847;
355;2.34893;1.37784;2.97304;1.25124;0;0;0;0;2.34626;1.37516;2.97036;1.24856;
356;2.44279;1.27968;3.06509;1.15488;0;0;0;0;2.44441;1.28131;3.06671;1.15651;
357;2.34072;1.38604;2.96494;1.25933;0;0;0;0;2.33805;1.38337;2.96227;1.25666;
358;2.4346;1.28783;3.05709;1.16285;0;0;0;0;2.43626;1.2895;3.05875;1.16451;
359;2.33255;1.3942;2.95687;1.26739;0;0;0;0;2.32989;1.39154;2.95421;1.26473;
360;2.42645;1.29593;3.04911;1.17077;0;0;0;0;2.42816;1.29764;3.05082;1.17248;
361;2.32443;1.40231;2.94884;1.27541;0;0;0;0;2.32178;1.39966;2.94619;1.27275;
362;2.41834;1.304;3.04118;1.17867;0;0;0;0;2.42009;1.30575;3.04293;1.18042;
363;2.31635;1.41039;3.1375;1.08674;0;0;0;0;2.31371;1.40774;3.13486;1.08409;
364;2.41027;1.31202;3.03328;1.18653;0;0;0;0;2.41207;1.31382;3.03507;1.18832;
365;2.30831;1.41841;3.12979;1.09445;0;0;0;0;2.30568;1.41578;3.12715;1.09181;
366;2.40225;1.32001;3.02541;1.19436;0;0;0;0;2.40409;1.32184;3.02724;1.19619;
367;2.30032;1.42639;3.1221;1.10212;0;0;0;0;2.2977;1.42377;3.11948;1.09949;
368;2.39426;1.32795;3.01757;1.20215;0;0;0;0;2.39614;1.32983;3.01945;1.20403;
369;2.29237;1.43433;3.11445;1.10977;0;0;0;0;2.28976;1.43172;3.11183;1.10715;
370;2.38632;1.33585;3.00977;1.20991;0;0;0;0;2.38824;1.33777;3.01169;1.21183;
371;2.28447;1.44223;3.10682;1.11738;0;0;0;0;2.28186;1.43962;3.10421;1.11478;
372;2.37842;1.34371;3.002;1.21764;0;0;0;0;2.38038;1.34568;3.00396;1.2196;
373;2.27661;1.45008;3.09922;1.12497;0;0;0;0;2.27401;1.44748;3.09663;1.12237;
374;2.37055;1.35154;2.99427;1.22533;0;0;0;0;2.37255;1.35354;2.99627;1.22733;
375;2.4699;1.25677;3.09166;1.13253;0;0;0;0;2.46732;1.25419;3.08907;1.12994;
376;2.36273;1.35932;2.98657;1.23299;0;0;0;0;2.36477;1.36136;2.98861;1.23503;
377;2.46217;1.26449;3.08412;1.14006;0;0;0;0;2.4596;1.26192;3.08154;1.13748;
378;2.35495;1.36706;2.9789;1.24062;0;0;0;0;2.35703;1.36915;2.98098;1.2427;
379;2.45448;1.27218;3.07661;1.14756;0;0;0;0;2.45191;1.26961;3.07404;1.14499;
380;2.3472;1.37477;2.97127;1.24821;0;0;0;0;2.34932;1.37689;2.97339;1.25033;
381;2.44682;1.27983;3.06913;1.15502;0;0;0;0;2.44427;1.27727;3.06657;1.15247;
382;2.3395;1.38243;2.96367;1.25577;0;0;0;0;2.34166;1.38459;2.96583;1.25793;
383;2.4392;1.28744;3.06168;1.16246;0;0;0;0;2.43665;1.2849;3.05913;1.15992;
384;2.33183;1.39006;2.9561;1.2633;0;0;0;0;2.33403;1.39226;2.9583;1.2655;
385;2.43161;1.29501;3.05426;1.16987;0;0;0;0;2.42908;1.29248;3.05172;1.16734;
386;2.32421;1.39764;2.94857;1.27079;0;0;0;0;2.32645;1.39988;2.95081;1.27303;
387;2.42406;1.30256;3.04687;1.17725;0;0;0;0;2.42154;1.30004;3.04434;1.17473;
388;2.31662;1.40519;3.1311;1.08822;0;0;0;0;2.3189;1.40747;3.13337;1.0905;
389;2.41654;1.31006;3.0395;1.18461;0;0;0;0;2.41403;1.30755;3.03699;1.18209;
390;2.30907;1.4127;3.12385;1.09544;0;0;0;0;2.31139;1.41502;3.12616;1.09775;
391;2.40906;1.31753;3.03217;1.19193;0;0;0;0;2.40656;1.31503;3.02967;1.18943;
392;2.30156;1.42017;3.11662;1.10262;0;0;0;0;2.30392;1.42253;3.11898;1.10497;
393;2.40161;1.32497;3.02487;1.19922;0;0;0;0;2.39913;1.32248;3.02238;1.19673;
394;2.29409;1.42761;3.10943;1.10978;0;0;0;0;2.29649;1.43;3.11182;1.11217;
395;2.3942;1.33236;3.01759;1.20648;0;0;0;0;2.39173;1.32989;3.01512;1.20401;
396;2.28666;1.435;3.10226;1.11691;0;0;0;0;2.28909;1.43743;3.10469;1.11934;
397;2.38682;1.33973;3.01035;1.21372;0;0;0;0;2.38436;1.33727;3.00788;1.21125;
398;2.27927;1.44236;3.09511;1.12402;0;0;0;0;2.28173;1.44483;3.09758;1.12649;
399;2.37948;1.34706;3.00313;1.22092;0;0;0;0;2.37703;1.34461;3.00068;1.21847;
400;2.27191;1.44968;3.08799;1.1311;0;0;0;0;2.27441;1.45218;3.0905;1.13361;
401;2.37218;1.35435;2.99594;1.2281;0;0;0;0;2.36974;1.35192;2.9935;1.22566;
402;2.4591;1.26255;3.081;1.13816;0;0;0;0;2.46154;1.26499;3.08344;1.1406;
403;2.3649;1.36161;2.98878;1.23524;0;0;0;0;2.36248;1.35919;2.98635;1.23282;
404;2.45195;1.26975;3.07403;1.14519;0;0;0;0;2.45434;1.27214;3.07641;1.14757;
405;2.35767;1.36884;2.98165;1.24236;0;0;0;0;2.35525;1.36643;2.97924;1.23995;
406;2.44484;1.27693;3.06708;1.15219;0;0;0;0;2.44716;1.27925;3.06941;1.15451;
407;2.35046;1.37603;2.97455;1.24945;0;0;0;0;2.34806;1.37363;2.97215;1.24705;
408;2.43776;1.28407;3.06017;1.15917;0;0;0;0;2.44002;1.28634;3.06243;1.16143;
409;2.34329;1.38319;2.96748;1.25651;0;0;0;0;2.34091;1.3808;2.96509;1.25412;
410;2.4307;1.29118;3.05327;1.16612;0;0;0;0;2.43291;1.29339;3.05548;1.16833;
411;2.33616;1.39031;2.96043;1.26354;0;0;0;0;2.33378;1.38793;2.95806;1.26117;
412;2.42368;1.29826;3.0464;1.17305;0;0;0;0;2.42583;1.30041;3.04855;1.1752;
413;2.32906;1.3974;2.95342;1.27055;0;0;0;0;2.32669;1.39504;2.95105;1.26818;
414;2.41669;1.30531;3.03956;1.17995;0;0;0;0;2.41878;1.3074;3.04165;1.18204;
415;2.32199;1.40445;3.13039;1.09356;0;0;0;0;2.31964;1.4021;3.12803;1.09121;
416;2.40973;1.31233;3.03274;1.18682;0;0;0;0;2.41177;1.31437;3.03478;1.18886;
417;2.31495;1.41147;3.12362;1.10031;0;0;0;0;2.31262;1.40914;3.12128;1.09798;
418;2.40279;1.31931;3.02594;1.19367;0;0;0;0;2.40478;1.3213;3.02793;1.19566;
419;2.30795;1.41846;3.11688;1.10704;0;0;0;0;2.30563;1.41614;3.11456;1.10472;
420;2.39589;1.32627;3.01917;1.2005;0;0;0;0;2.39783;1.3282;3.0211;1.20243;
421;2.30099;1.42541;3.11017;1.11374;0;0;0;0;2.29868;1.42311;3.10785;1.11143;
422;2.38902;1.33319;3.01243;1.20729;0;0;0;0;2.3909;1.33507;3.01431;1.20917;
423;2.29405;1.43234;3.10347;1.12043;0;0;0;0;2.29176;1.43004;3.10117;1.11813;
424;2.38218;1.34008;3.00571;1.21406;0;0;0;0;2.38401;1.34191;3.00753;1.21589;
425;2.28715;1.43922;3.0968;1.12708;0;0;0;0;2.28487;1.43694;3.09451;1.1248;
426;2.37537;1.34695;2.99901;1.22081;0;0;0;0;2.37714;1.34873;3.00079;1.22259;
427;2.28028;1.44608;3.09015;1.13372;0;0;0;0;2.27801;1.44381;3.08788;1.13145;
428;2.36858;1.35378;2.99234;1.22753;0;0;0;0;2.37031;1.35551;2.99407;1.22926;
429;2.46157;1.26478;3.08352;1.14033;0;0;0;0;2.45931;1.26252;3.08127;1.13808;
430;2.36183;1.36058;2.98569;1.23423;0;0;0;0;2.36351;1.36226;2.98737;1.23591;
431;2.4548;1.27153;3.07692;1.14692;0;0;0;0;2.45256;1.26929;3.07468;1.14468;
432;2.35511;1.36735;2.97907;1.2409;0;0;0;0;2.35674;1.36898;2.9807;1.24253;
433;2.44806;1.27826;3.07034;1.15349;0;0;0;0;2.44583;1.27603;3.06811;1.15126;
434;2.34841;1.37409;2.97247;1.24754;0;0;0;0;2.35;1.37568;2.97406;1.24912;
435;2.44135;1.28496;3.06378;1.16003;0;0;0;0;2.43914;1.28274;3.06156;1.15782;
436;2.34175;1.38081;2.9659;1.25416;0;0;0;0;2.34329;1.38234;2.96744;1.2557;
437;2.43467;1.29163;3.05725;1.16656;0;0;0;0;2.43247;1.28943;3.05504;1.16435;
438;2.33511;1.38749;2.95935;1.26076;0;0;0;0;2.3366;1.38898;2.96084;1.26224;
439;2.42801;1.29827;3.05073;1.17305;0;0;0;0;2.42582;1.29608;3.04854;1.17087;
440;2.32851;1.39414;2.95283;1.26733;0;0;0;0;2.32995;1.39558;2.95427;1.26877;
441;2.42138;1.30488;3.04424;1.17953;0;0;0;0;2.41921;1.30271;3.04207;1.17736;
442;2.32193;1.40076;3.12451;1.09569;0;0;0;0;2.32333;1.40216;3.12591;1.09709;
443;2.41478;1.31147;3.03777;1.18598;0;0;0;0;2.41262;1.30931;3.03562;1.18382;
444;2.31538;1.40735;3.11821;1.10203;0;0;0;0;2.31674;1.40871;3.11957;1.10339;
445;2.4082;1.31803;3.03133;1.19241;0;0;0;0;2.40606;1.31589;3.02918;1.19027;
446;2.30886;1.41392;3.11194;1.10835;0;0;0;0;2.31018;1.41523;3.11325;1.10966;
447;2.40166;1.32456;3.02491;1.19882;0;0;0;0;2.39953;1.32243;3.02278;1.19669;
448;2.30237;1.42045;3.10568;1.11465;0;0;0;0;2.30364;1.42172;3.10695;1.11592;
449;2.39514;1.33107;3.01851;1.20521;0;0;0;0;2.39302;1.32895;3.01639;1.20309;
450;2.29591;1.42695;3.09944;1.12093;0;0;0;0;2.29714;1.42818;3.10067;1.12216;
451;2.38864;1.33755;3.01213;1.21157;0;0;0;0;2.38654;1.33545;3.01003;1.20947;
452;2.28948;1.43343;3.09322;1.12719;0;0;0;0;2.29066;1.43461;3.09441;1.12838;
453;2.38218;1.344;3.00578;1.21791;0;0;0;0;2.38009;1.34191;3.00369;1.21582;
454;2.28307;1.43988;3.08702;1.13343;0;0;0;0;2.28422;1.44102;3.08817;1.13457;
455;2.37574;1.35042;2.99944;1.22423;0;0;0;0;2.37367;1.34835;2.99737;1.22216;
456;2.27669;1.44629;3.08085;1.13965;0;0;0;0;2.2778;1.4474;3.08195;1.14075;
457;2.36933;1.35682;2.99313;1.23052;0;0;0;0;2.36727;1.35476;2.99107;1.22847;
458;2.45259;1.27044;3.07469;1.14585;0;0;0;0;2.45366;1.2715;3.07575;1.14691;
459;2.36294;1.36319;2.98684;1.2368;0;0;0;0;2.3609;1.36115;2.9848;1.23475;
460;2.4463;1.27676;3.06855;1.15203;0;0;0;0;2.44733;1.27779;3.06957;1.15305;
461;2.35658;1.36954;2.98058;1.24305;0;0;0;0;2.35455;1.36751;2.97855;1.24102;
462;2.44004;1.28307;3.06243;1.15819;0;0;0;0;2.44102;1.28406;3.06341;1.15917;
463;2.35025;1.37585;2.97434;1.24928;0;0;0;0;2.34824;1.37384;2.97232;1.24726;
464;2.43379;1.28935;3.05633;1.16433;0;0;0;0;2.43474;1.2903;3.05727;1.16527;
465;2.34394;1.38215;2.96812;1.25548;0;0;0;0;2.34195;1.38015;2.96612;1.25348;
466;2.42758;1.2956;3.05024;1.17044;0;0;0;0;2.42849;1.29651;3.05116;1.17135;
467;2.33766;1.38841;2.96192;1.26167;0;0;0;0;2.33568;1.38643;2.95993;1.25968;
468;2.42138;1.30183;3.04418;1.17654;0;0;0;0;2.42226;1.30271;3.04506;1.17742;
469;2.33141;1.39465;3.12842;1.09515;0;0;0;0;2.32944;1.39268;3.12645;1.09318;
470;2.41521;1.30804;3.03814;1.18262;0;0;0;0;2.41605;1.30888;3.03898;1.18346;
471;2.32518;1.40086;3.12243;1.10113;0;0;0;0;2.32323;1.39891;3.12047;1.09917;
472;2.40907;1.31422;3.03212;1.18868;0;0;0;0;2.40987;1.31503;3.03292;1.18948;
473;2.31898;1.40705;3.11646;1.10708;0;0;0;0;2.31704;1.40511;3.11452;1.10514;
474;2.40294;1.32038;3.02611;1.19472;0;0;0;0;2.40371;1.32115;3.02688;1.19548;
475;2.31281;1.41321;3.1105;1.11302;0;0;0;0;2.31088;1.41129;3.10858;1.1111;
476;2.39684;1.32651;3.02013;1.20073;0;0;0;0;2.39758;1.32725;3.02086;1.20147;
477;2.30666;1.41935;3.10457;1.11894;0;0;0;0;2.30475;1.41744;3.10266;1.11703;
478;2.39077;1.33262;3.01417;1.20673;0;0;0;0;2.39147;1.33332;3.01487;1.20743;
479;2.30053;1.42545;3.09865;1.12484;0;0;0;0;2.29864;1.42356;3.09675;1.12295;
480;2.38472;1.33871;3.00822;1.21271;0;0;0;0;2.38538;1.33938;3.00889;1.21338;
481;2.29443;1.43154;3.09275;1.13073;0;0;0;0;2.29255;1.42966;3.09087;1.12885;
482;2.37869;1.34477;3.0023;1.21867;0;0;0;0;2.37932;1.34541;3.00293;1.2193;
483;2.28836;1.4376;3.08687;1.1366;0;0;0;0;2.2865;1.43573;3.085;1.13473;
484;2.37268;1.35081;2.99639;1.22461;0;0;0;0;2.37328;1.35141;2.99699;1.22521;
485;2.28231;1.44363;3.081;1.14244;0;0;0;0;2.28046;1.44178;3.07915;1.14059;
486;2.3667;1.35682;2.9905;1.23053;0;0;0;0;2.36727;1.35739;2.99107;1.23109;
487;2.453;1.27292;3.07516;1.14828;0;0;0;0;2.45117;1.27109;3.07332;1.14644;
488;2.36074;1.36282;2.98464;1.23643;0;0;0;0;2.36128;1.36335;2.98517;1.23696;
489;2.44703;1.27888;3.06933;1.15409;0;0;0;0;2.44522;1.27706;3.06751;1.15227;
490;2.3548;1.36878;2.97879;1.2423;0;0;0;0;2.35531;1.36929;2.97929;1.24281;
491;2.44109;1.28481;3.06352;1.15988;0;0;0;0;2.43928;1.283;3.06171;1.15808;
492;2.34889;1.37473;2.97296;1.24816;0;0;0;0;2.34936;1.3752;2.97343;1.24864;
493;2.43516;1.29072;3.05773;1.16566;0;0;0;0;2.43338;1.28893;3.05594;1.16387;
494;2.343;1.38065;2.96715;1.254;0;0;0;0;2.34344;1.38109;2.96759;1.25445;
495;2.42926;1.2966;3.05195;1.17142;0;0;0;0;2.42749;1.29483;3.05018;1.16965;
496;2.33713;1.38655;2.96136;1.25982;0;0;0;0;2.33755;1.38696;2.96177;1.26024;
497;2.42338;1.30247;3.04619;1.17716;0;0;0;0;2.42162;1.30071;3.04443;1.17541;
498;2.33128;1.39242;3.12319;1.09802;0;0;0;0;2.33167;1.39281;3.12358;1.09841;
499;2.41752;1.30831;3.04045;1.18289;0;0;0;0;2.41578;1.30657;3.03871;1.18114;
