i;prices_vanilla_call;prices_forward;prices_vanilla_put;prices_doc;prices_dop;prices_american_put;prices_digital;
1 0.376058 -10.4864 0 0.376058 0 0 0.452419;
2 1.56406 -10.4851 0 1.56406 0 0 0.226209;
3 1.33797 -10.4846 0 1.33797 0 0 0.113105;
4 1.10126 -10.4844 0.0591877 1.10126 0.0591877 0.0680087 0.282762;
5 1.3913 -10.4843 0.121464 1.3913 0.121464 0.141915 0.169657;
6 1.2076 -10.4842 0.100961 1.2076 0.100961 0.119754 0.0989666;
7 1.31241 -10.4841 0.0684493 1.31241 0.0684493 0.0998099 0.205002;
8 1.30583 -10.4841 0.119557 1.30583 0.119557 0.150673 0.130777;
9 1.21626 -10.484 0.11403 1.21626 0.11403 0.145117 0.229744;
10 1.32701 -10.484 0.0865477 1.32701 0.0865477 0.126414 0.155519;
11 1.20056 -10.484 0.121883 1.20056 0.121883 0.158991 0.102501;
12 1.31429 -10.484 0.115037 1.31429 0.115037 0.151552 0.175401;
13 1.26001 -10.4839 0.0973167 1.26001 0.094981 0.142282 0.120726;
14 1.2859 -10.4839 0.123961 1.2859 0.12271 0.163881 0.191803;
15 1.29009 -10.4839 0.112227 1.29009 0.111562 0.15163 0.136521;
16 1.25039 -10.4839 0.114738 1.25039 0.114387 0.160629 0.205624;
17 1.3017 -10.4839 0.123141 1.3017 0.120432 0.164643 0.150341;
18 1.21199 -10.4839 0.107127 1.21199 0.105603 0.151565 0.21747;
19 1.30144 -10.4839 0.123104 1.30144 0.122254 0.168749 0.162547;
20 1.245 -10.4839 0.119249 1.245 0.115364 0.163362 0.119066;
21 1.29343 -10.4839 0.113141 1.29343 0.110863 0.161529 0.173417;
22 1.26806 -10.4839 0.124508 1.26806 0.123186 0.169466 0.129518;
23 1.28031 -10.4839 0.112969 1.28031 0.108301 0.159041 0.183172;
24 1.28216 -10.4839 0.123147 1.28216 0.120323 0.171196 0.139099;
25 1.26384 -10.4838 0.121087 1.26384 0.119398 0.167041 0.191987;
26 1.28953 -10.4838 0.115688 1.28953 0.110596 0.164911 0.147914;
27 1.24521 -10.4838 0.124763 1.24521 0.121607 0.171811 0.2;
28 1.29179 -10.4838 0.114579 1.29179 0.112645 0.16311 0.156052;
29 1.24128 -10.4838 0.124135 1.24128 0.118903 0.173159 0.11986;
30 1.29015 -10.4838 0.121061 1.29015 0.117756 0.168447 0.163592;
31 1.25768 -10.4838 0.119462 1.25768 0.117397 0.169447 0.127148;
32 1.28554 -10.4838 0.124535 1.28554 0.11937 0.172693 0.170601;
33 1.26955 -10.4838 0.114164 1.26955 0.110849 0.165338 0.134009;
34 1.27863 -10.4838 0.12506 1.27863 0.122956 0.174612 0.177135;
35 1.2777 -10.4838 0.11997 1.2777 0.115014 0.168885 0.140478;
36 1.26996 -10.4838 0.122764 1.26996 0.119541 0.172967 0.183244;
37 1.2828 -10.4838 0.123665 1.2828 0.121592 0.172453 0.146588;
38 1.25995 -10.4838 0.117809 1.25995 0.113149 0.169783 0.188972;
39 1.28536 -10.4838 0.125268 1.28536 0.122205 0.175189 0.152367;
40 1.24891 -10.4838 0.11802 1.24891 0.116027 0.16872 0.194355;
41 1.28583 -10.4838 0.124834 1.28583 0.120523 0.175104 0.157844;
42 1.25319 -10.4838 0.12201 1.25319 0.11915 0.171598 0.126657;
43 1.28456 -10.4838 0.122446 1.28456 0.116613 0.174041 0.163042;
44 1.26247 -10.4838 0.124478 1.26247 0.120538 0.17467 0.131751;
45 1.28183 -10.4838 0.118202 1.28183 0.115567 0.171031 0.167982;
46 1.26964 -10.4838 0.125443 1.26964 0.120198 0.176023 0.136628;
47 1.2779 -10.4838 0.119543 1.2779 0.115977 0.170423 0.172685;
48 1.27497 -10.4838 0.124943 1.27497 0.122541 0.176051 0.141302;
49 1.27296 -10.4838 0.122651 1.27296 0.117969 0.173235 0.177168;
50 1.2787 -10.4838 0.123028 1.2787 0.119827 0.175298 0.145786;
51 1.26718 -10.4838 0.124633 1.26718 0.122464 0.175573 0.181448;
52 1.28105 -10.4838 0.119759 1.28105 0.115604 0.172833 0.15009;
53 1.2607 -10.4838 0.125502 1.2607 0.122647 0.176462 0.185538;
54 1.28218 -10.4838 0.119875 1.28218 0.114606 0.171621 0.154225;
55 1.25364 -10.4838 0.125282 1.25364 0.121613 0.176933 0.189452;
56 1.28226 -10.4838 0.122572 1.28226 0.12004 0.173964 0.158203;
57 1.25869 -10.4838 0.124004 1.25869 0.119387 0.176536 0.130859;
58 1.28142 -10.4838 0.124416 1.28142 0.121191 0.175856 0.162031;
59 1.26461 -10.4838 0.121703 1.26461 0.116001 0.174782 0.134638;
60 1.27978 -10.4838 0.125416 1.27978 0.121385 0.176786 0.165718;
61 1.2694 -10.4838 0.119473 1.2694 0.116648 0.172551 0.138294;
62 1.27743 -10.4838 0.125586 1.27743 0.120633 0.177493 0.169273;
63 1.27317 -10.4838 0.121995 1.27317 0.118485 0.174098 0.141835;
64 1.27446 -10.4838 0.124943 1.27446 0.122475 0.177547 0.172703;
65 1.27602 -10.4838 0.123859 1.27602 0.119566 0.175737 0.145264;
66 1.27095 -10.4838 0.123509 1.27095 0.12046 0.176532 0.176015;
67 1.27806 -10.4838 0.125069 1.27806 0.119893 0.176789 0.148589;
68 1.26697 -10.4838 0.12131 1.26697 0.117597 0.174691 0.179214;
69 1.27935 -10.4838 0.125633 1.27935 0.122991 0.177722 0.151813;
70 1.26257 -10.4838 0.120988 1.26257 0.116525 0.174011 0.182308;
71 1.27998 -10.4838 0.125562 1.27998 0.122356 0.178159 0.15494;
72 1.25781 -10.4838 0.122933 1.25781 0.117633 0.175447 0.185301;
73 1.28 -10.4838 0.124868 1.28 0.121026 0.177834 0.157976;
74 1.26159 -10.4838 0.124364 1.26159 0.121601 0.176509 0.13365;
75 1.27948 -10.4838 0.123567 1.27948 0.119014 0.176774 0.160925;
76 1.26569 -10.4838 0.125285 1.26569 0.121982 0.177506 0.136573;
77 1.27848 -10.4838 0.121675 1.27848 0.116335 0.175444 0.16379;
78 1.26911 -10.4838 0.125702 1.26911 0.121796 0.178269 0.139421;
79 1.27703 -10.4838 0.121617 1.27703 0.11878 0.174957 0.166575;
80 1.27193 -10.4838 0.125621 1.27193 0.121046 0.178536 0.142198;
81 1.27518 -10.4838 0.123249 1.27518 0.119901 0.176057 0.169284;
82 1.27418 -10.4838 0.125052 1.27418 0.119741 0.178115 0.144907;
83 1.27298 -10.4838 0.124473 1.27298 0.120557 0.176928 0.171919;
84 1.27592 -10.4838 0.124006 1.27592 0.12114 0.177459 0.147549;
85 1.27044 -10.4838 0.125292 1.27044 0.120751 0.177921 0.174484;
86 1.27718 -10.4838 0.122494 1.27718 0.119145 0.176446 0.150128;
87 1.26762 -10.4838 0.12571 1.26762 0.120484 0.178571 0.176982;
88 1.278 -10.4838 0.121708 1.278 0.117828 0.175589 0.152646;
89 1.26452 -10.4838 0.125732 1.26452 0.122871 0.178793 0.179416;
90 1.27842 -10.4838 0.123179 1.27842 0.118717 0.176305 0.155104;
91 1.26119 -10.4838 0.125364 1.26119 0.122052 0.17856 0.181788;
92 1.27847 -10.4838 0.124323 1.27847 0.119226 0.177129 0.157506;
93 1.26327 -10.4838 0.124614 1.26327 0.120806 0.178189 0.135604;
94 1.27818 -10.4838 0.12514 1.27818 0.119356 0.178062 0.159852;
95 1.26627 -10.4838 0.123488 1.26627 0.119141 0.177481 0.137936;
96 1.27756 -10.4838 0.125633 1.27756 0.122386 0.178704 0.162146;
97 1.26885 -10.4838 0.121996 1.26885 0.117063 0.176313 0.14022;
98 1.27666 -10.4838 0.125806 1.27666 0.122099 0.178962 0.164388;
99 1.27104 -10.4838 0.122819 1.27104 0.117253 0.176341 0.142458;
100 1.27549 -10.4838 0.125662 1.27549 0.121457 0.178948 0.166581;
