i;prices_vanilla_call;prices_forward;prices_vanilla_put;prices_doc;prices_dop;prices_american_put;prices_digital;
1 11.7805 9.51294 2.2676 11.7805 2.2676 2.42767 0.452419;
2 11.8709 9.5146 2.35633 11.8709 2.35633 2.6724 0.678628;
3 11.1387 9.51515 1.62352 11.1387 1.62352 2.53374 0.791733;
4 11.6411 9.51543 2.12566 11.6411 2.12566 2.95004 0.622076;
5 11.4301 9.51559 1.91454 11.4301 1.34205 2.86219 0.73518;
6 11.4839 9.5157 1.96824 11.4839 1.64847 2.95208 0.5938;
7 11.503 9.51578 1.98721 11.503 1.81235 2.93707 0.699835;
8 11.3735 9.51584 1.85765 11.3735 1.76344 2.93122 0.576127;
9 11.5121 9.51589 1.99623 11.5121 1.60667 2.97917 0.675094;
10 11.3013 9.51593 1.78541 11.3013 1.55129 2.90839 0.749318;
11 11.4984 9.51596 1.98246 11.4984 1.84481 2.98718 0.656537;
12 11.3732 9.51598 1.85718 11.3732 1.47046 2.94089 0.729437;
13 11.476 9.516 1.96001 11.476 1.71545 3.00184 0.641957;
14 11.4149 9.51602 1.89884 11.4149 1.74756 2.96349 0.713034;
15 11.4506 9.51604 1.93455 11.4506 1.57594 3.00634 0.630111;
16 11.4384 9.51605 1.92232 11.4384 1.68824 2.98952 0.699214;
17 11.4246 9.51606 1.90854 11.4246 1.75887 3.00536 0.620239;
18 11.4504 9.51607 1.93437 11.4504 1.61222 3.00369 0.687368;
19 11.3992 9.51608 1.88307 11.3992 1.66822 2.99638 0.611848;
20 11.4551 9.51609 1.93898 11.4551 1.52752 3.00611 0.67707;
21 11.3747 9.5161 1.85865 11.3747 1.57432 2.98481 0.604602;
22 11.4548 9.51611 1.93865 11.4548 1.74605 3.01065 0.668011;
23 11.3705 9.51611 1.85441 11.3705 1.4987 2.98077 0.721665;
24 11.4511 9.51612 1.935 11.4511 1.68678 3.01601 0.659963;
25 11.3917 9.51612 1.87557 11.3917 1.70544 2.99068 0.712851;
26 11.4452 9.51613 1.92908 11.4452 1.62312 3.02161 0.652751;
27 11.4073 9.51613 1.89114 11.4073 1.67602 3.00083 0.704837;
28 11.4378 9.51614 1.92163 11.4378 1.55697 3.02325 0.64624;
29 11.4185 9.51614 1.9024 11.4185 1.64018 3.00887 0.697513;
30 11.4293 9.51615 1.91315 11.4293 1.72767 3.02103 0.640324;
31 11.4264 9.51615 1.91029 11.4264 1.59966 3.01239 0.690785;
32 11.4201 9.51615 1.90398 11.4201 1.67985 3.01732 0.634918;
33 11.4317 9.51616 1.91551 11.4317 1.55584 3.01507 0.684577;
34 11.4105 9.51616 1.89439 11.4105 1.63018 3.01461 0.629952;
35 11.4348 9.51616 1.91861 11.4348 1.72744 3.01939 0.678827;
36 11.4007 9.51617 1.88455 11.4007 1.57933 3.01255 0.62537;
37 11.4362 9.51617 1.92003 11.4362 1.69557 3.02239 0.673481;
38 11.3908 9.51617 1.87459 11.3908 1.52783 3.00928 0.621124;
39 11.4363 9.51617 1.92009 11.4363 1.66129 3.02506 0.668495;
40 11.386 9.51617 1.86981 11.386 1.67931 3.00822 0.710483;
41 11.4352 9.51618 1.91905 11.4352 1.62516 3.02582 0.66383;
42 11.3958 9.51618 1.87964 11.3958 1.66036 3.01042 0.705412;
43 11.4333 9.51618 1.91712 11.4333 1.58767 3.02658 0.659453;
44 11.4039 9.51618 1.88768 11.4039 1.63877 3.0127 0.700624;
45 11.4307 9.51618 1.91447 11.4307 1.54921 3.02662 0.655336;
46 11.4104 9.51619 1.8942 11.4104 1.61501 3.01547 0.696095;
47 11.4274 9.51619 1.91124 11.4274 1.70053 3.0272 0.651454;
48 11.4156 9.51619 1.89939 11.4156 1.5895 3.0189 0.691803;
49 11.4237 9.51619 1.90754 11.4237 1.6711 3.02733 0.647786;
50 11.4197 9.51619 1.90346 11.4197 1.56257 3.02177 0.687727;
51 11.4196 9.51619 1.90345 11.4196 1.64074 3.02712 0.644312;
52 11.4228 9.51619 1.90656 11.4228 1.53452 3.02422 0.683851;
53 11.4153 9.5162 1.89906 11.4153 1.60964 3.02604 0.641018;
54 11.425 9.5162 1.90881 11.425 1.68624 3.02613 0.680158;
55 11.4106 9.5162 1.89442 11.4106 1.57799 3.02474 0.637886;
56 11.4265 9.5162 1.91032 11.4265 1.66481 3.02725 0.676636;
57 11.4058 9.5162 1.88958 11.4058 1.54594 3.02264 0.634906;
58 11.4274 9.5162 1.9112 11.4274 1.64234 3.02766 0.67327;
59 11.4008 9.5162 1.88459 11.4008 1.67647 3.02039 0.632064;
60 11.4277 9.5162 1.91153 11.4277 1.619 3.028 0.670051;
61 11.3957 9.5162 1.87949 11.3957 1.65124 3.01801 0.62935;
62 11.4276 9.5162 1.91136 11.4276 1.59495 3.02903 0.666968;
63 11.3973 9.51621 1.8811 11.3973 1.63236 3.01837 0.701266;
64 11.427 9.51621 1.91078 11.427 1.57032 3.02995 0.664011;
65 11.4022 9.51621 1.88599 11.4022 1.61643 3.01979 0.698073;
66 11.426 9.51621 1.90982 11.426 1.54522 3.031 0.661172;
67 11.4064 9.51621 1.8902 11.4064 1.59959 3.02192 0.694998;
68 11.4247 9.51621 1.90854 11.4247 1.67914 3.03167 0.658445;
69 11.41 9.51621 1.89381 11.41 1.58194 3.02403 0.692034;
70 11.4232 9.51621 1.90697 11.4232 1.6592 3.03185 0.655821;
71 11.4131 9.51621 1.89686 11.4131 1.56361 3.02563 0.689175;
72 11.4214 9.51621 1.90515 11.4214 1.63876 3.03159 0.653294;
73 11.4156 9.51621 1.89942 11.4156 1.54469 3.02661 0.686415;
74 11.4193 9.51621 1.90312 11.4193 1.61789 3.03088 0.650858;
75 11.4177 9.51621 1.90153 11.4177 1.67425 3.02743 0.683748;
76 11.4171 9.51621 1.90089 11.4171 1.59667 3.02981 0.648509;
77 11.4194 9.51621 1.90323 11.4194 1.65944 3.02795 0.68117;
78 11.4147 9.51622 1.8985 11.4147 1.57515 3.02897 0.646241;
79 11.4208 9.51622 1.90457 11.4208 1.64405 3.02891 0.678675;
80 11.4122 9.51622 1.89596 11.4122 1.55339 3.02831 0.644049;
81 11.4218 9.51622 1.90557 11.4218 1.62814 3.02984 0.676259;
82 11.4095 9.51622 1.89329 11.4095 1.67049 3.02764 0.64193;
83 11.4225 9.51622 1.90627 11.4225 1.61177 3.03078 0.673918;
84 11.4067 9.51622 1.89051 11.4067 1.65282 3.02694 0.63988;
85 11.4229 9.51622 1.90669 11.4229 1.59502 3.03157 0.671649;
86 11.4039 9.51622 1.88763 11.4039 1.63486 3.02617 0.637894;
87 11.4231 9.51622 1.90685 11.4231 1.57791 3.03215 0.669448;
88 11.4009 9.51622 1.88467 11.4009 1.61666 3.02522 0.63597;
89 11.423 9.51622 1.90679 11.423 1.56052 3.03265 0.667311;
90 11.4013 9.51622 1.88511 11.4013 1.60172 3.02519 0.696366;
91 11.4227 9.51622 1.90652 11.4227 1.6764 3.03294 0.665236;
92 11.4043 9.51622 1.88805 11.4043 1.58917 3.0257 0.694143;
93 11.4223 9.51622 1.90606 11.4223 1.6623 3.03305 0.663219;
94 11.4069 9.51622 1.89067 11.4069 1.5762 3.02639 0.691978;
95 11.4217 9.51622 1.90543 11.4217 1.64789 3.03286 0.661258;
96 11.4092 9.51622 1.89299 11.4092 1.56286 3.02702 0.68987;
97 11.4209 9.51622 1.90464 11.4209 1.63319 3.03288 0.65935;
98 11.4113 9.51622 1.89503 11.4113 1.5492 3.02778 0.687816;
99 11.4199 9.51622 1.9037 11.4199 1.61823 3.0329 0.657494;
100 11.413 9.51622 1.89682 11.413 1.66288 3.02861 0.685813;
