i;prices_vanilla_call;prices_forward;prices_vanilla_put;prices_doc;prices_dop;prices_american_put;prices_digital;
0 0 -20 0 0 0 0 0;
1 0 -10.4837 0.114775 0 0.114775 0.114775 0;
2 1.0638 -10.4837 0.114033 1.0638 0.114033 0.114033 0.172927;
3 0.906405 -10.4837 0.145715 0.906405 0.145715 0.156387 0.257571;
4 1.0795 -10.4837 0.128544 1.0795 0.128544 0.136211 0.109401;
5 1.18391 -10.4837 0.10217 1.18391 0.100025 0.121907 0.153052;
6 1.17599 -10.4837 0.121198 1.17599 0.113957 0.14387 0.189316;
7 1.11178 -10.4837 0.13096 1.11178 0.128956 0.146563 0.21975;
8 1.16088 -10.4837 0.133277 1.16088 0.128548 0.148758 0.11673;
9 1.21105 -10.4837 0.129841 1.21105 0.128429 0.151113 0.138403;
10 1.22878 -10.4837 0.122039 1.22878 0.119175 0.147956 0.158334;
11 1.22325 -10.4837 0.114458 1.22325 0.109526 0.142318 0.176636;
12 1.20112 -10.4837 0.121423 1.20112 0.11975 0.144963 0.193449;
13 1.17904 -10.4837 0.126151 1.17904 0.123383 0.147628 0.115088;
14 1.21318 -10.4837 0.128874 1.21318 0.12467 0.150728 0.128239;
15 1.23417 -10.4837 0.12982 1.23417 0.123839 0.153883 0.140794;
16 1.24434 -10.4837 0.129208 1.24434 0.126893 0.154836 0.152757;
17 1.24561 -10.4837 0.127234 1.24561 0.123949 0.15343 0.164143;
18 1.23959 -10.4837 0.124076 1.23959 0.119616 0.150279 0.174977;
19 1.2276 -10.4837 0.119894 1.2276 0.114053 0.146876 0.185286;
20 1.21074 -10.4837 0.121291 1.21074 0.118838 0.147914 0.195097;
21 1.22672 -10.4837 0.124088 1.22672 0.120857 0.15024 0.129531;
22 1.24052 -10.4837 0.126141 1.24052 0.122004 0.152223 0.137891;
23 1.24937 -10.4837 0.127503 1.24937 0.122327 0.153478 0.145994;
24 1.25388 -10.4837 0.128221 1.25388 0.121879 0.15429 0.153842;
25 1.25457 -10.4837 0.128345 1.25457 0.125447 0.1542 0.16144;
26 1.25191 -10.4837 0.127918 1.25191 0.124336 0.153879 0.168794;
27 1.24633 -10.4837 0.126986 1.24633 0.122633 0.153447 0.175911;
28 1.23818 -10.4837 0.125588 1.23818 0.120376 0.152829 0.182799;
29 1.2297 -10.4837 0.123762 1.2297 0.117606 0.151878 0.12784;
30 1.24056 -10.4837 0.121543 1.24056 0.118565 0.150508 0.133858;
31 1.24877 -10.4837 0.123025 1.24877 0.119476 0.151512 0.139748;
32 1.25455 -10.4837 0.124541 1.25455 0.120361 0.152339 0.145508;
33 1.25812 -10.4837 0.125736 1.25812 0.120866 0.152842 0.15114;
34 1.25967 -10.4837 0.126628 1.25967 0.121007 0.153206 0.156645;
35 1.25938 -10.4837 0.127229 1.25938 0.120798 0.153809 0.162025;
36 1.25742 -10.4837 0.127554 1.25742 0.124256 0.154309 0.167283;
37 1.25393 -10.4837 0.127617 1.25393 0.123813 0.154669 0.172419;
38 1.24906 -10.4837 0.127433 1.24906 0.123079 0.154853 0.177438;
39 1.24294 -10.4837 0.127013 1.24294 0.122067 0.154818 0.182341;
40 1.24508 -10.4837 0.126371 1.24508 0.12079 0.154526 0.134302;
41 1.2512 -10.4837 0.125518 1.2512 0.11926 0.153968 0.138717;
42 1.25594 -10.4837 0.124466 1.25594 0.121117 0.153129 0.143061;
43 1.25939 -10.4837 0.123227 1.25939 0.119444 0.152134 0.147333;
44 1.26164 -10.4837 0.123552 1.26164 0.119303 0.15212 0.151533;
45 1.26277 -10.4837 0.124529 1.26277 0.119784 0.152691 0.155663;
46 1.26286 -10.4837 0.125345 1.26286 0.120071 0.153224 0.159723;
47 1.26197 -10.4837 0.126005 1.26197 0.120172 0.15366 0.163713;
48 1.26017 -10.4837 0.126515 1.26017 0.123292 0.154223 0.167635;
49 1.25752 -10.4837 0.12688 1.25752 0.123291 0.154682 0.17149;
50 1.25409 -10.4837 0.127105 1.25409 0.123127 0.154999 0.175278;
51 1.24993 -10.4837 0.127195 1.24993 0.122805 0.155164 0.179002;
52 1.2509 -10.4837 0.127156 1.2509 0.122329 0.155166 0.136564;
53 1.25515 -10.4837 0.126991 1.25515 0.121705 0.15502 0.139973;
54 1.25859 -10.4837 0.126706 1.25859 0.120937 0.154817 0.143338;
55 1.26126 -10.4837 0.126306 1.26126 0.123006 0.154532 0.14666;
56 1.26319 -10.4837 0.125795 1.26319 0.122172 0.154232 0.14994;
57 1.26443 -10.4837 0.125177 1.26443 0.121214 0.15387 0.153177;
58 1.26502 -10.4837 0.124457 1.26502 0.120135 0.15343 0.156371;
59 1.26498 -10.4837 0.123698 1.26498 0.119 0.152939 0.159523;
60 1.26435 -10.4837 0.124397 1.26435 0.119305 0.153398 0.162633;
61 1.26317 -10.4837 0.125006 1.26317 0.119502 0.153794 0.165703;
62 1.26145 -10.4837 0.125527 1.26145 0.119593 0.154097 0.168731;
63 1.25924 -10.4837 0.125962 1.25924 0.122447 0.154322 0.171719;
64 1.25656 -10.4837 0.126314 1.25656 0.122504 0.154581 0.174667;
65 1.25342 -10.4837 0.126584 1.25342 0.122467 0.154763 0.177575;
66 1.25633 -10.4837 0.126775 1.25633 0.122336 0.154908 0.139493;
67 1.2592 -10.4837 0.126889 1.2592 0.122115 0.155015 0.142192;
68 1.26156 -10.4837 0.126929 1.26156 0.121804 0.155088 0.144864;
69 1.26345 -10.4837 0.126895 1.26345 0.121407 0.155137 0.147508;
70 1.26487 -10.4837 0.126791 1.26487 0.120926 0.155145 0.150125;
71 1.26585 -10.4837 0.126618 1.26585 0.123048 0.155098 0.152714;
72 1.26641 -10.4837 0.126379 1.26641 0.122546 0.155026 0.155277;
73 1.26657 -10.4837 0.126075 1.26657 0.121969 0.154889 0.157812;
74 1.26634 -10.4837 0.125708 1.26634 0.121317 0.154681 0.160321;
75 1.26574 -10.4837 0.12528 1.26574 0.120594 0.154403 0.162803;
76 1.26478 -10.4837 0.124794 1.26478 0.1198 0.154049 0.165259;
77 1.26348 -10.4837 0.124249 1.26348 0.118938 0.153655 0.167689;
78 1.26186 -10.4837 0.124715 1.26186 0.119075 0.153877 0.170093;
79 1.25993 -10.4837 0.125141 1.25993 0.121632 0.154074 0.172471;
80 1.2577 -10.4837 0.125515 1.2577 0.121774 0.154242 0.174824;
81 1.25857 -10.4837 0.125837 1.25857 0.121855 0.15439 0.140376;
82 1.2608 -10.4837 0.126108 1.2608 0.121878 0.154614 0.142578;
83 1.26269 -10.4837 0.126331 1.26269 0.121842 0.154823 0.144762;
84 1.26426 -10.4837 0.126505 1.26426 0.121748 0.154998 0.146927;
85 1.26552 -10.4837 0.126631 1.26552 0.121599 0.155152 0.149074;
86 1.26648 -10.4837 0.126712 1.26648 0.121395 0.155261 0.151203;
87 1.26715 -10.4837 0.126747 1.26715 0.121136 0.155351 0.153314;
88 1.26754 -10.4837 0.126738 1.26754 0.123167 0.155393 0.155407;
89 1.26767 -10.4837 0.126685 1.26767 0.122904 0.155382 0.157481;
90 1.26753 -10.4837 0.12659 1.26753 0.122592 0.155346 0.159538;
91 1.26714 -10.4837 0.126454 1.26714 0.122231 0.155261 0.161577;
92 1.26651 -10.4837 0.126277 1.26651 0.121822 0.155138 0.163599;
93 1.26564 -10.4837 0.126061 1.26564 0.121367 0.154984 0.165602;
94 1.26455 -10.4837 0.125806 1.26455 0.120866 0.154803 0.167589;
95 1.26324 -10.4837 0.125513 1.26324 0.120321 0.154605 0.169558;
96 1.26172 -10.4837 0.125184 1.26172 0.119731 0.154397 0.17151;
97 1.26 -10.4837 0.124818 1.26 0.119098 0.154168 0.173445;
98 1.26112 -10.4837 0.124819 1.26112 0.121094 0.154155 0.141953;
99 1.26279 -10.4837 0.125142 1.26279 0.121223 0.154343 0.143778;
100 1.26423 -10.4837 0.125432 1.26423 0.121312 0.154505 0.14559;
