i;prices_vanilla_call;prices_forward;prices_vanilla_put;prices_doc;prices_dop;prices_american_put;prices_digital;
0 0 0 0 0 0 0 0;
1 10.7036 9.51626 1.1873 10.7036 1.1873 1.1873 0.483443;
2 11.0375 9.51626 1.52122 11.0375 1.22746 2.05378 0.527384;
3 11.1585 9.51626 1.6422 11.1585 1.0923 2.44673 0.550557;
4 11.2206 9.51626 1.70434 11.2206 1.54045 2.64273 0.565186;
5 11.2584 9.51626 1.7421 11.2584 1.4752 2.74314 0.575459;
6 11.2837 9.51626 1.76747 11.2837 1.40154 2.79208 0.583172;
7 11.3019 9.51626 1.78568 11.3019 1.32819 2.81134 0.589235;
8 11.3156 9.51626 1.79938 11.3156 1.61551 2.81267 0.59416;
9 11.3263 9.51626 1.81007 11.3263 1.57464 2.80285 0.598264;
10 11.3349 9.51626 1.81863 11.3349 1.53198 2.78598 0.601751;
11 11.3419 9.51626 1.82565 11.3419 1.48894 2.76463 0.604762;
12 11.3478 9.51626 1.83151 11.3478 1.4464 2.74253 0.607395;
13 11.3527 9.51626 1.83647 11.3527 1.65473 2.74236 0.609724;
14 11.357 9.51626 1.84073 11.357 1.62815 2.75405 0.611803;
15 11.3607 9.51626 1.84442 11.3607 1.60089 2.76916 0.613674;
16 11.3639 9.51626 1.84765 11.3639 1.57333 2.78429 0.615368;
17 11.3668 9.51626 1.8505 11.3668 1.54573 2.79853 0.616913;
18 11.3693 9.51626 1.85304 11.3693 1.5183 2.81099 0.618328;
19 11.3716 9.51626 1.85531 11.3716 1.49118 2.82209 0.619631;
20 11.3736 9.51626 1.85736 11.3736 1.46449 2.8313 0.620837;
21 11.3755 9.51626 1.85921 11.3755 1.64255 2.83878 0.621956;
22 11.3771 9.51626 1.86089 11.3771 1.6236 2.84478 0.622998;
23 11.3787 9.51626 1.86243 11.3787 1.60455 2.84957 0.623972;
24 11.3801 9.51626 1.86384 11.3801 1.58547 2.85303 0.624885;
25 11.3814 9.51626 1.86514 11.3814 1.56644 2.8553 0.625744;
26 11.3826 9.51626 1.86633 11.3826 1.5475 2.85651 0.626552;
27 11.3837 9.51626 1.86744 11.3837 1.52871 2.85677 0.627316;
28 11.3847 9.51626 1.86847 11.3847 1.51011 2.85618 0.628038;
29 11.3857 9.51626 1.86943 11.3857 1.65632 2.85483 0.628723;
30 11.3866 9.51626 1.87033 11.3866 1.64249 2.85281 0.629374;
31 11.3874 9.51626 1.87117 11.3874 1.6286 2.8502 0.629993;
32 11.3882 9.51626 1.87195 11.3882 1.61468 2.84711 0.630583;
33 11.3889 9.51626 1.87269 11.3889 1.60076 2.84352 0.631146;
34 11.3896 9.51626 1.87338 11.3896 1.58687 2.83949 0.631684;
35 11.3903 9.51626 1.87404 11.3903 1.57303 2.83553 0.632199;
36 11.3909 9.51626 1.87466 11.3909 1.55926 2.83369 0.632692;
37 11.3915 9.51626 1.87524 11.3915 1.54556 2.83373 0.633166;
38 11.3921 9.51626 1.8758 11.3921 1.53197 2.83496 0.63362;
39 11.3926 9.51626 1.87632 11.3926 1.51848 2.83686 0.634057;
40 11.3931 9.51626 1.87682 11.3931 1.64752 2.83918 0.634478;
41 11.3936 9.51626 1.8773 11.3936 1.63695 2.84172 0.634883;
42 11.394 9.51626 1.87775 11.394 1.62637 2.84432 0.635274;
43 11.3944 9.51626 1.87818 11.3944 1.61578 2.84692 0.635651;
44 11.3949 9.51626 1.8786 11.3949 1.60522 2.84944 0.636015;
45 11.3952 9.51626 1.87899 11.3952 1.59467 2.85184 0.636367;
46 11.3956 9.51626 1.87937 11.3956 1.58415 2.85407 0.636708;
47 11.396 9.51626 1.87973 11.396 1.57367 2.85617 0.637037;
48 11.3963 9.51626 1.88007 11.3963 1.56324 2.85806 0.637357;
49 11.3967 9.51626 1.88041 11.3967 1.55285 2.85978 0.637666;
50 11.397 9.51626 1.88073 11.397 1.54252 2.86128 0.637966;
51 11.3973 9.51626 1.88103 11.3973 1.53226 2.86262 0.638257;
52 11.3976 9.51626 1.88133 11.3976 1.64614 2.86374 0.63854;
53 11.3979 9.51626 1.88161 11.3979 1.63783 2.86469 0.638815;
54 11.3981 9.51626 1.88188 11.3981 1.62952 2.86545 0.639082;
55 11.3984 9.51626 1.88214 11.3984 1.62122 2.86602 0.639342;
56 11.3987 9.51626 1.8824 11.3987 1.61292 2.86643 0.639595;
57 11.3989 9.51626 1.88264 11.3989 1.60464 2.86666 0.639841;
58 11.3991 9.51626 1.88288 11.3991 1.59637 2.86673 0.640081;
59 11.3994 9.51626 1.88311 11.3994 1.58813 2.86662 0.640315;
60 11.3996 9.51626 1.88333 11.3996 1.57991 2.86639 0.640543;
61 11.3998 9.51626 1.88354 11.3998 1.57172 2.866 0.640765;
62 11.4 9.51626 1.88375 11.4 1.56356 2.86546 0.640982;
63 11.4002 9.51626 1.88395 11.4002 1.55543 2.86478 0.641194;
64 11.4004 9.51626 1.88414 11.4004 1.54734 2.86398 0.6414;
65 11.4006 9.51626 1.88433 11.4006 1.53929 2.86306 0.641602;
66 11.4008 9.51626 1.88451 11.4008 1.64177 2.86202 0.6418;
67 11.4009 9.51626 1.88469 11.4009 1.63508 2.86087 0.641992;
68 11.4011 9.51626 1.88486 11.4011 1.62839 2.85961 0.642181;
69 11.4013 9.51626 1.88503 11.4013 1.6217 2.85828 0.642366;
70 11.4014 9.51626 1.88519 11.4014 1.61503 2.85723 0.642546;
71 11.4016 9.51626 1.88534 11.4016 1.60836 2.85661 0.642723;
72 11.4018 9.51626 1.8855 11.4018 1.60171 2.85636 0.642896;
73 11.4019 9.51626 1.88565 11.4019 1.59507 2.85641 0.643065;
74 11.402 9.51626 1.88579 11.402 1.58845 2.85669 0.643231;
75 11.4022 9.51626 1.88593 11.4022 1.58184 2.85715 0.643394;
76 11.4023 9.51626 1.88607 11.4023 1.57525 2.85774 0.643554;
77 11.4025 9.51626 1.8862 11.4025 1.56868 2.85841 0.64371;
78 11.4026 9.51626 1.88633 11.4026 1.56214 2.85916 0.643863;
79 11.4027 9.51626 1.88646 11.4027 1.55562 2.85994 0.644014;
80 11.4028 9.51626 1.88658 11.4028 1.54912 2.86075 0.644161;
81 11.403 9.51626 1.8867 11.403 1.64159 2.86156 0.644306;
82 11.4031 9.51626 1.88682 11.4031 1.63609 2.86237 0.644448;
83 11.4032 9.51626 1.88694 11.4032 1.63059 2.86317 0.644588;
84 11.4033 9.51626 1.88705 11.4033 1.6251 2.86394 0.644725;
85 11.4034 9.51626 1.88716 11.4034 1.61961 2.86468 0.64486;
86 11.4035 9.51626 1.88726 11.4035 1.61413 2.86539 0.644992;
87 11.4036 9.51626 1.88737 11.4036 1.60865 2.86607 0.645122;
88 11.4037 9.51626 1.88747 11.4037 1.60319 2.8667 0.64525;
89 11.4038 9.51626 1.88757 11.4038 1.59773 2.8673 0.645376;
90 11.4039 9.51626 1.88767 11.4039 1.59229 2.86785 0.6455;
91 11.404 9.51626 1.88776 11.404 1.58686 2.86835 0.645621;
92 11.4041 9.51626 1.88786 11.4041 1.58144 2.86881 0.645741;
93 11.4042 9.51626 1.88795 11.4042 1.57603 2.86922 0.645858;
94 11.4043 9.51626 1.88804 11.4043 1.57064 2.86957 0.645974;
95 11.4044 9.51626 1.88812 11.4044 1.56526 2.86988 0.646088;
96 11.4045 9.51626 1.88821 11.4045 1.5599 2.87014 0.6462;
97 11.4046 9.51626 1.88829 11.4046 1.55455 2.87035 0.64631;
98 11.4046 9.51626 1.88838 11.4046 1.63914 2.87051 0.646419;
99 11.4047 9.51626 1.88846 11.4047 1.63454 2.87063 0.646526;
100 11.4048 9.51626 1.88854 11.4048 1.62995 2.87069 0.646632;
